SCH_YEAR,CNTYNO,CNTYNAME,DIST_NUMBER,DIST_NAME,SCH_NUMBER,SCH_NAME,STATE_SCH_ID,NCESID,COOP,COOP_CODE,WHITE_MALE_COUNT,WHITE_FEMALE_COUNT,WHITE_TOTAL,BLACK_MALE_COUNT,BLACK_FEMALE_COUNT,BLACK_TOTAL,HISPANIC_MALE_COUNT,HISPANIC_FEMALE_COUNT,HISPANIC_TOTAL,ASIAN_MALE_COUNT,ASIAN_FEMALE_COUNT,ASIAN_TOTAL,AIAN_COUNT,AIAN_FEMALE_COUNT,AIAN_TOTAL,HAWAIIAN_MALE_COUNT,HAWAIIAN_FEMALE_COUNT,HAWAIIAN_TOTAL_COUNT,TWOORMORE_MALE_COUNT,TWOORMORE_FEMALE_COUNT,TWOORMORE_TOTAL,MALE_TOTAL,FEMALE_TOTAL,MEMBERSHIP_TOTAL
20182019,106,SHELBY,531,Shelby County,14,Painted Stone Elementary,106531014,210532001964,OVEC,906,177,160,337,17,13,30,85,82,167,3,1,4,0,1,1,0,0,0,16,11,27,298,268,566
20182019,106,SHELBY,531,Shelby County,110,Shelby County East Middle School,106531110,210532001294,OVEC,906,245,237,482,24,23,47,79,81,160,1,3,4,3,0,3,1,0,1,22,13,35,375,357,732
20182019,106,SHELBY,531,Shelby County,90,Shelby County High School,106531090,210532001292,OVEC,906,341,331,672,33,36,69,118,96,214,6,4,10,2,3,5,1,0,1,11,20,31,512,490,1002
20182019,106,SHELBY,531,Shelby County,80,Shelby County West Middle School,106531080,210532001291,OVEC,906,283,273,556,36,24,60,114,94,208,6,9,15,1,0,1,0,0,0,23,31,54,463,431,894
20182019,106,SHELBY,531,Shelby County,100,Simpsonville Elementary,106531100,210532001293,OVEC,906,190,195,385,15,10,25,49,45,94,1,1,2,0,0,0,0,0,0,17,11,28,272,262,534
20182019,106,SHELBY,531,Shelby County,15,Southside Elementary,106531015,210532002077,OVEC,906,150,115,265,22,21,43,64,60,124,3,2,5,0,0,0,0,0,0,13,14,27,252,212,464
20182019,106,SHELBY,531,Shelby County,130,Wright Elementary,106531130,210532001434,OVEC,906,147,151,298,17,16,33,74,71,145,0,0,0,0,0,0,0,0,0,19,14,33,257,252,509
20182019,106,SHELBY,531,Shelby County,,---District Total---,,,OVEC,906,2377,2238,4615,258,208,466,787,716,1503,29,32,61,9,5,14,2,0,2,170,160,330,3632,3359,6991
20182019,19,CAMPBELL,533,Silver Grove Independent,12,Silver Grove School,19533012,210537001727,NKCES,905,95,80,175,1,2,3,4,4,8,1,0,1,0,0,0,0,0,0,2,2,4,103,88,191
20182019,19,CAMPBELL,533,Silver Grove Independent,,---District Total---,,,NKCES,905,95,80,175,1,2,3,4,4,8,1,0,1,0,0,0,0,0,0,2,2,4,103,88,191
20182019,107,SIMPSON,535,Simpson County,20,Franklin Elementary School,107535020,210540001299,GRREC,902,110,88,198,7,8,15,4,11,15,1,0,1,0,0,0,0,0,0,5,11,16,127,118,245
20182019,107,SIMPSON,535,Simpson County,40,Franklin-Simpson High School,107535040,210540001301,GRREC,902,305,325,630,47,42,89,23,25,48,2,4,6,2,2,4,0,0,0,11,14,25,390,412,802
20182019,107,SIMPSON,535,Simpson County,7,Franklin-Simpson High School West Campus,107535007,210540001652,GRREC,902,35,29,64,3,3,6,1,0,1,0,0,0,0,0,0,0,0,0,2,0,2,41,32,73
20182019,107,SIMPSON,535,Simpson County,30,Franklin-Simpson Middle School,107535030,210540001300,GRREC,902,264,231,495,34,35,69,33,22,55,4,2,6,1,0,1,0,0,0,22,13,35,358,303,661
20182019,107,SIMPSON,535,Simpson County,45,Lincoln Elementary School,107535045,210540001302,GRREC,902,201,178,379,28,24,52,12,9,21,0,5,5,0,0,0,0,1,1,15,18,33,256,235,491
20182019,107,SIMPSON,535,Simpson County,100,Simpson Elementary School,107535100,210540001435,GRREC,902,249,236,485,39,15,54,18,12,30,6,1,7,1,1,2,0,0,0,27,31,58,340,296,636
20182019,107,SIMPSON,535,Simpson County,,---District Total---,,,GRREC,902,1164,1087,2251,158,127,285,91,79,170,13,12,25,4,3,7,0,1,1,82,87,169,1512,1396,2908
20182019,100,PULASKI,536,Somerset Independent,50,Hopkins Elementary School,100536050,210543001307,SESC,907,247,209,456,9,5,14,29,20,49,6,3,9,0,0,0,0,0,0,10,17,27,301,254,555
20182019,100,PULASKI,536,Somerset Independent,90,Meece Middle School,100536090,210543001311,SESC,907,194,193,387,5,10,15,30,26,56,6,7,13,0,0,0,0,1,1,8,9,17,243,246,489
20182019,100,PULASKI,536,Somerset Independent,70,Somerset High School,100536070,210543001310,SESC,907,236,204,440,9,13,22,22,17,39,8,4,12,0,0,0,1,0,1,8,5,13,284,243,527
20182019,100,PULASKI,536,Somerset Independent,,---District Total---,,,SESC,907,677,606,1283,23,28,51,81,63,144,20,14,34,0,0,0,1,1,2,26,31,57,828,743,1571
20182019,19,CAMPBELL,537,Southgate Independent,10,Southgate Public School,19537010,210546001313,NKCES,905,57,50,107,18,18,36,5,2,7,0,1,1,0,0,0,0,0,0,7,17,24,87,88,175
20182019,19,CAMPBELL,537,Southgate Independent,,---District Total---,,,NKCES,905,57,50,107,18,18,36,5,2,7,0,1,1,0,0,0,0,0,0,7,17,24,87,88,175
20182019,108,SPENCER,541,Spencer County,42,Hillview Academy,108541042,210549002051,OVEC,906,23,17,40,1,0,1,4,0,4,0,0,0,0,1,1,0,0,0,2,0,2,30,18,48
20182019,108,SPENCER,541,Spencer County,40,Spencer County Elementary School,108541040,210549001314,OVEC,906,320,291,611,3,4,7,13,11,24,4,3,7,1,0,1,0,0,0,15,4,19,356,313,669
20182019,108,SPENCER,541,Spencer County,50,Spencer County High School,108541050,210549001315,OVEC,906,429,388,817,7,5,12,17,19,36,1,3,4,1,0,1,0,0,0,18,12,30,473,427,900
20182019,108,SPENCER,541,Spencer County,41,Spencer County Middle School,108541041,210549001871,OVEC,906,351,314,665,4,1,5,16,15,31,0,3,3,1,0,1,0,0,0,14,16,30,386,349,735
20182019,108,SPENCER,541,Spencer County,44,Taylorsville Elementary School,108541044,210549002018,OVEC,906,281,248,529,1,2,3,11,13,24,0,0,0,0,0,0,0,0,0,13,19,32,306,282,588
20182019,108,SPENCER,541,Spencer County,,---District Total---,,,OVEC,906,1404,1258,2662,16,12,28,61,58,119,5,9,14,3,1,4,0,0,0,62,51,113,1551,1389,2940
20182019,109,TAYLOR,545,Taylor County,20,Taylor County Elementary School,109545020,210552001317,GRREC,902,273,242,515,1,6,7,7,13,20,3,5,8,0,1,1,0,0,0,16,12,28,300,279,579
20182019,109,TAYLOR,545,Taylor County,30,Taylor County High School,109545030,210552001318,GRREC,902,382,381,763,17,9,26,10,15,25,3,3,6,0,1,1,0,1,1,8,11,19,420,421,841
20182019,109,TAYLOR,545,Taylor County,40,Taylor County Middle School,109545040,210552001319,GRREC,902,282,268,550,7,3,10,13,16,29,3,5,8,0,1,1,2,1,3,21,13,34,328,307,635
20182019,109,TAYLOR,545,Taylor County,5,Taylor County Primary Center,109545005,,GRREC,902,267,238,505,2,3,5,13,11,24,2,4,6,0,1,1,1,0,1,11,21,32,296,278,574
20182019,109,TAYLOR,545,Taylor County,,---District Total---,,,GRREC,902,1204,1129,2333,27,21,48,43,55,98,11,17,28,0,4,4,3,2,5,56,57,113,1344,1285,2629
20182019,110,TODD,551,Todd County,17,Horizons High School,110551017,210555002034,GRREC,902,17,6,23,4,0,4,1,1,2,0,0,0,0,0,0,0,0,0,1,0,1,23,7,30
20182019,110,TODD,551,Todd County,5,North Todd Elementary School,110551005,210555001600,GRREC,902,166,149,315,3,2,5,7,8,15,0,0,0,0,0,0,0,1,1,5,5,10,181,165,346
20182019,110,TODD,551,Todd County,15,South Todd Elementary School,110551015,210555001601,GRREC,902,141,149,290,31,37,68,33,27,60,1,0,1,1,1,2,0,0,0,5,10,15,212,224,436
20182019,110,TODD,551,Todd County,95,Todd County Central High School,110551095,210555001325,GRREC,902,212,206,418,26,26,52,18,23,41,0,0,0,1,0,1,0,0,0,4,8,12,261,263,524
20182019,110,TODD,551,Todd County,80,Todd County Middle School,110551080,210555001324,GRREC,902,169,184,353,22,22,44,29,21,50,0,0,0,0,0,0,0,0,0,15,13,28,235,240,475
20182019,110,TODD,551,Todd County,,---District Total---,,,GRREC,902,705,694,1399,86,87,173,88,80,168,1,0,1,2,1,3,0,1,1,30,36,66,912,899,1811
20182019,111,TRIGG,555,Trigg County,70,Trigg County High School,111555070,210558001329,WKEC,908,268,219,487,26,21,47,11,11,22,0,1,1,0,2,2,0,1,1,15,16,31,320,271,591
20182019,111,TRIGG,555,Trigg County,14,Trigg County Intermediate School,111555014,210558002167,WKEC,908,162,192,354,18,16,34,6,6,12,2,2,4,0,1,1,0,0,0,12,21,33,200,238,438
20182019,111,TRIGG,555,Trigg County,50,Trigg County Middle School,111555050,210558001328,WKEC,908,203,195,398,16,19,35,6,9,15,2,1,3,0,0,0,0,0,0,12,19,31,239,243,482
20182019,111,TRIGG,555,Trigg County,13,Trigg County Primary School,111555013,210558002093,WKEC,908,181,152,333,12,12,24,8,4,12,1,0,1,0,1,1,0,0,0,22,15,37,224,184,408
20182019,111,TRIGG,555,Trigg County,,---District Total---,,,WKEC,908,814,758,1572,72,68,140,31,30,61,5,4,9,0,4,4,0,1,1,61,71,132,983,936,1919
20182019,112,TRIMBLE,561,Trimble County,10,Bedford Elementary School,112561010,210561001330,OVEC,906,181,164,345,0,0,0,8,4,12,0,1,1,0,0,0,2,1,3,1,2,3,192,172,364
20182019,112,TRIMBLE,561,Trimble County,20,Milton Elementary School,112561020,210561001332,OVEC,906,106,116,222,1,0,1,5,3,8,0,0,0,0,0,0,0,0,0,0,1,1,112,120,232
20182019,112,TRIMBLE,561,Trimble County,25,Trimble County JR/SR High School,112561025,,OVEC,906,258,241,499,3,0,3,7,6,13,1,2,3,1,0,1,0,2,2,2,3,5,272,254,526
20182019,112,TRIMBLE,561,Trimble County,,---District Total---,,,OVEC,906,545,521,1066,4,0,4,20,13,33,1,3,4,1,0,1,2,3,5,3,6,9,576,546,1122
20182019,113,UNION,565,Union County,23,Clements Victory Technical HS #2,113565023,210564001908,WKEC,908,12,4,16,20,6,26,5,0,5,0,0,0,0,0,0,0,0,0,1,1,2,38,11,49
20182019,113,UNION,565,Union County,22,Earle C Clements Job Corps Center,113565022,210564001907,WKEC,908,5,2,7,11,0,11,1,0,1,0,0,0,0,0,0,0,0,0,0,0,0,17,2,19
20182019,113,UNION,565,Union County,20,Morganfield Elementary School,113565020,210564001334,WKEC,908,157,131,288,27,17,44,7,5,12,0,0,0,0,0,0,0,0,0,21,14,35,212,167,379
20182019,113,UNION,565,Union County,50,Sturgis Elementary School,113565050,210564001336,WKEC,908,179,169,348,2,7,9,1,0,1,0,0,0,0,0,0,0,0,0,3,7,10,185,183,368
20182019,113,UNION,565,Union County,65,Union County High School,113565065,210564001338,WKEC,908,271,319,590,30,33,63,2,6,8,2,2,4,0,1,1,0,0,0,8,15,23,313,376,689
20182019,113,UNION,565,Union County,21,Union County Learning Academy,113565021,210564001872,WKEC,908,10,3,13,2,2,4,0,0,0,0,0,0,0,0,0,1,0,1,1,0,1,14,5,19
20182019,113,UNION,565,Union County,55,Union County Middle School,113565055,210564001602,WKEC,908,207,200,407,10,11,21,2,1,3,0,0,0,0,0,0,0,0,0,13,12,25,232,224,456
20182019,113,UNION,565,Union County,70,Uniontown Elementary School,113565070,210564001339,WKEC,908,97,73,170,2,2,4,1,0,1,1,0,1,0,1,1,0,0,0,7,5,12,108,81,189
20182019,113,UNION,565,Union County,,---District Total---,,,WKEC,908,938,901,1839,104,78,182,19,12,31,3,2,5,0,2,2,1,0,1,54,54,108,1119,1049,2168
20182019,8,BOONE,567,Walton-Verona Independent,10,Walton-Verona Elementary School,8567010,210570001341,NKCES,905,285,290,575,3,2,5,7,9,16,2,3,5,0,0,0,1,0,1,7,8,15,305,312,617
20182019,8,BOONE,567,Walton-Verona Independent,20,Walton-Verona High School,8567020,210570001342,NKCES,905,261,261,522,4,2,6,0,4,4,5,5,10,0,0,0,0,1,1,7,3,10,277,276,553
20182019,8,BOONE,567,Walton-Verona Independent,15,Walton-Verona Middle School,8567015,210570002191,NKCES,905,250,238,488,2,1,3,5,3,8,1,5,6,0,0,0,2,0,2,4,4,8,264,251,515
20182019,8,BOONE,567,Walton-Verona Independent,,---District Total---,,,NKCES,905,796,789,1585,9,5,14,12,16,28,8,13,21,0,0,0,3,1,4,18,15,33,846,839,1685
20182019,114,WARREN,571,Warren County,10,Alvaton Elementary,114571010,210573001343,GRREC,902,258,230,488,17,20,37,21,19,40,41,29,70,1,0,1,6,1,7,16,15,31,360,314,674
20182019,114,WARREN,571,Warren County,20,Beacon Academy,114571020,210573002410,GRREC,902,18,73,91,2,6,8,0,3,3,0,0,0,0,0,0,0,0,0,2,5,7,22,87,109
20182019,114,WARREN,571,Warren County,15,Briarwood Elementary School,114571015,210573001909,GRREC,902,218,198,416,28,27,55,24,28,52,75,74,149,0,0,0,6,3,9,3,14,17,354,344,698
20182019,114,WARREN,571,Warren County,40,Bristow Elementary,114571040,210573001344,GRREC,902,166,176,342,35,37,72,49,38,87,3,3,6,0,1,1,1,0,1,29,29,58,283,284,567
20182019,114,WARREN,571,Warren County,70,Cumberland Trace Elementary,114571070,210573001346,GRREC,902,196,179,375,15,15,30,25,24,49,19,22,41,0,0,0,6,11,17,15,15,30,276,266,542
20182019,114,WARREN,571,Warren County,75,Drakes Creek Middle School,114571075,210573001603,GRREC,902,225,218,443,14,15,29,36,28,64,41,55,96,1,1,2,1,4,5,11,8,19,329,329,658
20182019,114,WARREN,571,Warren County,245,GEO International High School,114571245,,GRREC,902,3,1,4,41,29,70,19,18,37,23,37,60,0,0,0,0,0,0,0,0,0,86,85,171
20182019,114,WARREN,571,Warren County,230,Greenwood High School,114571230,210573001692,GRREC,902,429,434,863,36,20,56,52,35,87,91,82,173,0,0,0,10,5,15,24,16,40,642,592,1234
20182019,114,WARREN,571,Warren County,175,Henry F. Moss Middle School,114571175,210573001604,GRREC,902,136,125,261,68,55,123,52,41,93,38,23,61,0,1,1,3,4,7,12,18,30,309,267,576
20182019,114,WARREN,571,Warren County,250,Jackson Academy High School,114571250,210573002302,GRREC,902,4,1,5,1,1,2,2,0,2,0,0,0,0,0,0,0,0,0,0,1,1,7,3,10
20182019,114,WARREN,571,Warren County,12,Jackson Academy Middle School,114571012,210573001831,GRREC,902,4,2,6,0,0,0,0,0,0,0,0,0,0,0,0,0,0,0,1,0,1,5,2,7
20182019,114,WARREN,571,Warren County,25,Jennings Creek Elementary,114571025,,GRREC,902,144,143,287,76,53,129,49,45,94,51,43,94,1,1,2,4,11,15,15,22,37,340,318,658
20182019,114,WARREN,571,Warren County,30,Jody Richards Elementary,114571030,210573002327,GRREC,902,269,270,539,14,11,25,30,23,53,32,45,77,0,0,0,2,0,2,15,13,28,362,362,724
20182019,114,WARREN,571,Warren County,16,Lighthouse Academy,114571016,210573001926,GRREC,902,8,6,14,0,1,1,1,0,1,0,0,0,1,0,1,0,0,0,1,0,1,11,7,18
20182019,114,WARREN,571,Warren County,80,Lost River Elementary,114571080,210573001164,GRREC,902,132,117,249,38,44,82,53,60,113,31,31,62,0,0,0,5,3,8,18,22,40,277,277,554
20182019,114,WARREN,571,Warren County,110,North Warren Elementary,114571110,210573001347,GRREC,902,170,174,344,13,12,25,5,11,16,2,0,2,0,1,1,0,0,0,7,8,15,197,206,403
20182019,114,WARREN,571,Warren County,130,Oakland Elementary,114571130,210573001348,GRREC,902,104,73,177,28,33,61,30,20,50,1,2,3,0,0,0,0,1,1,11,12,23,174,141,315
20182019,114,WARREN,571,Warren County,18,Plano Elementary,114571018,210573002035,GRREC,902,244,231,475,8,7,15,14,14,28,4,9,13,0,0,0,2,1,3,9,8,17,281,270,551
20182019,114,WARREN,571,Warren County,140,Rich Pond Elementary,114571140,210573001349,GRREC,902,285,275,560,4,7,11,9,9,18,17,13,30,0,0,0,0,0,0,13,10,23,328,314,642
20182019,114,WARREN,571,Warren County,150,Richardsville Elementary,114571150,210573001350,GRREC,902,200,165,365,6,1,7,10,10,20,0,0,0,0,0,0,0,0,0,5,4,9,221,180,401
20182019,114,WARREN,571,Warren County,300,Rivendell Elementary,114571300,210573000828,GRREC,902,16,10,26,3,0,3,0,0,0,0,0,0,0,0,0,0,0,0,3,1,4,22,11,33
20182019,114,WARREN,571,Warren County,305,Rivendell High School,114571305,210573000839,GRREC,902,16,8,24,2,1,3,0,0,0,0,0,0,0,0,0,0,0,0,0,0,0,18,9,27
20182019,114,WARREN,571,Warren County,170,Rockfield Elementary,114571170,210573001351,GRREC,902,230,252,482,10,7,17,15,12,27,14,12,26,1,1,2,2,0,2,14,13,27,286,297,583
20182019,114,WARREN,571,Warren County,3,South Warren High School,114571003,210573002277,GRREC,902,505,506,1011,35,15,50,40,32,72,39,25,64,0,0,0,0,0,0,17,20,37,636,598,1234
20182019,114,WARREN,571,Warren County,2,South Warren Middle School,114571002,210573002298,GRREC,902,291,304,595,16,14,30,15,19,34,27,25,52,0,1,1,1,0,1,12,10,22,362,373,735
20182019,114,WARREN,571,Warren County,210,Warren Central High School,114571210,210573001353,GRREC,902,238,202,440,86,107,193,92,73,165,55,42,97,0,0,0,2,5,7,21,25,46,494,454,948
20182019,114,WARREN,571,Warren County,455,Warren County Day Treatment,114571455,210573001540,GRREC,902,13,0,13,3,1,4,1,1,2,1,0,1,0,0,0,0,0,0,1,0,1,19,2,21
20182019,114,WARREN,571,Warren County,220,Warren East High School,114571220,210573001354,GRREC,902,333,338,671,45,39,84,37,25,62,3,9,12,1,1,2,1,1,2,19,21,40,439,434,873
20182019,114,WARREN,571,Warren County,205,Warren East Middle School,114571205,210573001605,GRREC,902,202,175,377,25,21,46,23,17,40,5,1,6,3,0,3,0,1,1,20,18,38,278,233,511
20182019,114,WARREN,571,Warren County,200,Warren Elementary,114571200,210573001352,GRREC,902,53,69,122,106,99,205,67,54,121,32,26,58,3,0,3,0,2,2,10,16,26,271,266,537
20182019,114,WARREN,571,Warren County,100,William H. Natcher Elementary,114571100,210573001691,GRREC,902,158,193,351,19,36,55,34,32,66,60,70,130,0,0,0,2,0,2,14,16,30,287,347,634
20182019,114,WARREN,571,Warren County,,---District Total---,,,GRREC,902,5268,5148,10416,794,734,1528,805,691,1496,705,678,1383,12,8,20,54,53,107,338,360,698,7976,7672,15648
20182019,115,WASHINGTON,575,Washington County,21,Commander Academy,115575021,210576002358,CKEC,901,26,23,49,3,3,6,2,4,6,0,0,0,0,0,0,0,0,0,0,0,0,31,30,61
20182019,115,WASHINGTON,575,Washington County,31,North Washington Elementary School,115575031,210576001873,CKEC,901,250,217,467,1,0,1,6,9,15,0,1,1,0,0,0,0,0,0,3,7,10,260,234,494
20182019,115,WASHINGTON,575,Washington County,80,Washington County Elementary School,115575080,210576001359,CKEC,901,145,124,269,23,19,42,24,31,55,3,0,3,0,0,0,0,1,1,11,10,21,206,185,391
20182019,115,WASHINGTON,575,Washington County,74,Washington County High School,115575074,210576001358,CKEC,901,216,212,428,24,14,38,15,16,31,1,0,1,0,0,0,0,0,0,3,4,7,259,246,505
20182019,115,WASHINGTON,575,Washington County,34,Washington County Middle School,115575034,210576002047,CKEC,901,66,54,120,10,16,26,8,16,24,1,1,2,0,0,0,0,0,0,2,6,8,87,93,180
20182019,115,WASHINGTON,575,Washington County,,---District Total---,,,CKEC,901,703,630,1333,61,52,113,55,76,131,5,2,7,0,0,0,0,1,1,19,27,46,843,788,1631
20182019,116,WAYNE,581,Wayne County,437,Bell Elementary School,116581437,210579001367,SESC,907,199,167,366,0,1,1,19,21,40,0,3,3,0,0,0,0,0,0,5,7,12,223,199,422
20182019,116,WAYNE,581,Wayne County,170,Lake Cumberland Youth Development Center,116581170,210579001361,SESC,907,4,0,4,9,0,9,1,0,1,0,0,0,0,0,0,0,0,0,2,0,2,16,0,16
20182019,116,WAYNE,581,Wayne County,190,Monticello Elementary School,116581190,210579002346,SESC,907,294,287,581,3,4,7,36,36,72,1,4,5,0,0,0,0,0,0,9,4,13,343,335,678
20182019,116,WAYNE,581,Wayne County,180,Otter Creek Academy,116581180,210579002250,SESC,907,0,27,27,0,6,6,0,0,0,0,0,0,0,0,0,0,0,0,0,5,5,0,38,38
20182019,116,WAYNE,581,Wayne County,430,Walker Early Learning Center,116581430,210579001365,SESC,907,112,93,205,1,1,2,9,9,18,0,0,0,0,0,0,1,0,1,1,2,3,124,105,229
20182019,116,WAYNE,581,Wayne County,200,Wayne County High School,116581200,210579001224,SESC,907,438,397,835,7,8,15,32,21,53,2,0,2,0,0,0,0,0,0,2,0,2,481,426,907
20182019,116,WAYNE,581,Wayne County,60,Wayne County Learning Academy,116581060,210579002403,SESC,907,27,6,33,0,1,1,2,0,2,0,0,0,0,0,0,0,0,0,0,1,1,29,8,37
20182019,116,WAYNE,581,Wayne County,51,Wayne County Middle School,116581051,210579002020,SESC,907,289,316,605,6,5,11,31,29,60,2,0,2,0,1,1,0,1,1,2,2,4,330,354,684
20182019,116,WAYNE,581,Wayne County,,---District Total---,,,SESC,907,1363,1293,2656,26,26,52,130,116,246,5,7,12,0,1,1,1,1,2,21,21,42,1546,1465,3011
20182019,117,WEBSTER,585,Webster County,20,Clay Elementary School,117585020,210582001369,WKEC,908,86,100,186,0,0,0,1,3,4,0,0,0,0,0,0,0,1,1,1,5,6,88,109,197
20182019,117,WEBSTER,585,Webster County,50,Dixon Elementary School,117585050,210582001370,WKEC,908,178,155,333,0,1,1,2,5,7,0,0,0,0,0,0,0,1,1,2,1,3,182,163,345
20182019,117,WEBSTER,585,Webster County,60,Providence Elementary School,117585060,210582002188,WKEC,908,97,91,188,8,12,20,9,4,13,0,1,1,1,0,1,0,0,0,12,9,21,127,117,244
20182019,117,WEBSTER,585,Webster County,90,Sebree Elementary School,117585090,210582001372,WKEC,908,88,81,169,1,2,3,85,85,170,0,0,0,0,1,1,0,0,0,2,4,6,176,173,349
20182019,117,WEBSTER,585,Webster County,130,Webster County High School,117585130,210582001374,WKEC,908,260,255,515,11,5,16,49,33,82,0,0,0,0,0,0,0,0,0,11,11,22,331,304,635
20182019,117,WEBSTER,585,Webster County,125,Webster County Middle School,117585125,210582002348,WKEC,908,133,137,270,6,5,11,24,23,47,0,1,1,0,0,0,0,0,0,4,6,10,167,172,339
20182019,117,WEBSTER,585,Webster County,,---District Total---,,,WKEC,908,842,819,1661,26,25,51,170,153,323,0,2,2,1,1,2,0,2,2,32,36,68,1071,1038,2109
20182019,47,HARDIN,586,West Point Independent,10,West Point Elementary School,47586010,210585001375,GRREC,902,57,54,111,1,1,2,1,0,1,1,1,2,1,0,1,0,0,0,2,2,4,63,58,121
20182019,47,HARDIN,586,West Point Independent,,---District Total---,,,GRREC,902,57,54,111,1,1,2,1,0,1,1,1,2,1,0,1,0,0,0,2,2,4,63,58,121
20182019,118,WHITLEY,591,Whitley County,60,Boston Elementary School,118591060,210588001376,SESC,907,101,83,184,0,0,0,2,1,3,0,0,0,0,0,0,0,0,0,1,1,2,104,85,189
20182019,118,WHITLEY,591,Whitley County,290,Oak Grove Elementary School,118591290,210588001381,SESC,907,299,262,561,1,0,1,5,7,12,0,0,0,0,0,0,0,0,0,3,1,4,308,270,578
20182019,118,WHITLEY,591,Whitley County,320,Pleasant View Elementary School,118591320,210588001383,SESC,907,125,121,246,1,0,1,2,5,7,0,0,0,0,0,0,0,0,0,1,1,2,129,127,256
20182019,118,WHITLEY,591,Whitley County,61,Whitley Central Intermediate School,118591061,210588002048,SESC,907,234,211,445,0,2,2,5,0,5,2,1,3,0,0,0,0,0,0,2,1,3,243,215,458
20182019,118,WHITLEY,591,Whitley County,225,Whitley County Alternative School,118591225,210588001262,SESC,907,42,28,70,1,1,2,0,0,0,0,0,0,0,0,0,0,0,0,0,1,1,43,30,73
20182019,118,WHITLEY,591,Whitley County,365,Whitley County Central Primary School,118591365,210588001621,SESC,907,181,166,347,0,1,1,3,1,4,0,0,0,0,0,0,2,0,2,5,0,5,191,168,359
20182019,118,WHITLEY,591,Whitley County,62,Whitley County East Elementary School,118591062,210588002037,SESC,907,115,124,239,0,0,0,0,0,0,0,0,0,0,0,0,0,0,0,3,3,6,118,127,245
20182019,118,WHITLEY,591,Whitley County,430,Whitley County High School,118591430,210588001386,SESC,907,460,471,931,0,1,1,5,9,14,2,0,2,0,0,0,0,0,0,5,5,10,472,486,958
20182019,118,WHITLEY,591,Whitley County,435,Whitley County Middle School,118591435,210588001387,SESC,907,282,240,522,0,0,0,3,9,12,2,0,2,0,0,0,0,0,0,2,1,3,289,250,539
20182019,118,WHITLEY,591,Whitley County,350,Whitley County North Elementary School,118591350,210588000546,SESC,907,142,155,297,3,2,5,4,11,15,0,0,0,0,0,0,0,0,0,1,3,4,150,171,321
20182019,118,WHITLEY,591,Whitley County,,---District Total---,,,SESC,907,1981,1861,3842,6,7,13,29,43,72,6,1,7,0,0,0,2,0,2,23,17,40,2047,1929,3976
20182019,118,WHITLEY,592,Williamsburg Independent,12,Williamsburg City School,118592012,210591001939,SESC,907,394,335,729,18,3,21,4,5,9,1,2,3,0,0,0,0,1,1,2,3,5,419,349,768
20182019,118,WHITLEY,592,Williamsburg Independent,,---District Total---,,,SESC,907,394,335,729,18,3,21,4,5,9,1,2,3,0,0,0,0,1,1,2,3,5,419,349,768
20182019,41,GRANT,593,Williamstown Independent,10,Williamstown Elementary,41593010,210594001392,NKCES,905,163,151,314,1,1,2,7,5,12,1,0,1,0,0,0,0,0,0,4,4,8,176,161,337
20182019,41,GRANT,593,Williamstown Independent,20,Williamstown Jr. High,41593020,210594001393,NKCES,905,82,102,184,2,0,2,8,8,16,0,2,2,0,0,0,0,0,0,3,2,5,95,114,209
20182019,41,GRANT,593,Williamstown Independent,30,Williamstown Sr. High,41593030,210594002308,NKCES,905,109,120,229,0,0,0,1,0,1,1,1,2,0,0,0,0,0,0,0,1,1,111,122,233
20182019,41,GRANT,593,Williamstown Independent,,---District Total---,,,NKCES,905,354,373,727,3,1,4,16,13,29,2,3,5,0,0,0,0,0,0,7,7,14,382,397,779
20182019,119,WOLFE,595,Wolfe County,310,Campton Elementary School,119595310,210597001396,KVEC,904,191,166,357,2,1,3,0,1,1,1,1,2,0,0,0,1,0,1,0,0,0,195,169,364
20182019,119,WOLFE,595,Wolfe County,140,Dessie Scott School,119595140,210597002380,KVEC,904,26,0,26,7,0,7,1,0,1,0,0,0,0,0,0,0,0,0,1,0,1,35,0,35
20182019,119,WOLFE,595,Wolfe County,205,Red River Valley Elementary School,119595205,210597001394,KVEC,904,81,46,127,0,0,0,2,2,4,0,0,0,0,0,0,0,0,0,0,0,0,83,48,131
20182019,119,WOLFE,595,Wolfe County,220,Rogers Elementary School,119595220,210597001395,KVEC,904,67,73,140,0,0,0,0,1,1,0,0,0,0,0,0,0,0,0,0,0,0,67,74,141
20182019,119,WOLFE,595,Wolfe County,312,Success Academy,119595312,210597002369,KVEC,904,24,4,28,0,0,0,2,0,2,0,0,0,0,0,0,0,0,0,0,0,0,26,4,30
20182019,119,WOLFE,595,Wolfe County,320,Wolfe County High School,119595320,210597001397,KVEC,904,163,188,351,0,0,0,3,2,5,1,1,2,0,0,0,0,0,0,0,0,0,167,191,358
20182019,119,WOLFE,595,Wolfe County,315,Wolfe County Middle School,119595315,210597001693,KVEC,904,91,92,183,0,0,0,0,2,2,0,0,0,0,0,0,0,0,0,0,0,0,91,94,185
20182019,119,WOLFE,595,Wolfe County,,---District Total---,,,KVEC,904,643,569,1212,9,1,10,8,8,16,2,2,4,0,0,0,1,0,1,1,0,1,664,580,1244
20182019,120,WOODFORD,601,Woodford County,90,Huntertown Elementary School,120601090,210600001468,CKEC,901,158,167,325,8,6,14,23,28,51,1,3,4,0,0,0,0,0,0,9,15,24,199,219,418
20182019,120,WOODFORD,601,Woodford County,120,Northside Elementary School,120601120,210600000320,CKEC,901,118,139,257,3,4,7,29,27,56,0,1,1,0,0,0,0,0,0,10,11,21,160,182,342
20182019,120,WOODFORD,601,Woodford County,13,Safe Harbor Academy,120601013,210600001840,CKEC,901,25,22,47,5,0,5,6,3,9,0,0,0,0,0,0,0,0,0,1,1,2,37,26,63
20182019,120,WOODFORD,601,Woodford County,75,Simmons Elementary School,120601075,210600001403,CKEC,901,93,85,178,22,18,40,56,56,112,0,2,2,0,0,0,0,0,0,13,12,25,184,173,357
20182019,120,WOODFORD,601,Woodford County,50,Southside Elementary School,120601050,210600000284,CKEC,901,220,238,458,1,4,5,24,28,52,1,4,5,0,0,0,1,0,1,19,10,29,266,284,550
20182019,120,WOODFORD,601,Woodford County,84,Woodford County High School,120601084,210600001404,CKEC,901,467,466,933,19,27,46,89,99,188,4,18,22,0,1,1,0,0,0,23,31,54,602,642,1244
20182019,120,WOODFORD,601,Woodford County,85,Woodford County Middle School,120601085,210600001405,CKEC,901,353,365,718,12,15,27,74,74,148,2,7,9,0,0,0,0,0,0,18,21,39,459,482,941
20182019,120,WOODFORD,601,Woodford County,,---District Total---,,,CKEC,901,1434,1482,2916,70,74,144,301,315,616,8,35,43,0,1,1,1,0,1,93,101,194,1907,2008,3915
20182019,56,JEFFERSON,602,Kentucky School for the Blind District,176,Kentucky School for the Blind,56602176,210009401779,,909,33,21,54,3,2,5,5,0,5,3,2,5,0,0,0,0,0,0,1,0,1,45,25,70
20182019,56,JEFFERSON,602,Kentucky School for the Blind District,,---District Total---,,,,909,33,21,54,3,2,5,5,0,5,3,2,5,0,0,0,0,0,0,1,0,1,45,25,70
20182019,11,BOYLE,603,Kentucky School for the Deaf District,390,Kentucky School for the Deaf,11603390,210009501715,CKEC,901,47,33,80,3,4,7,3,3,6,2,1,3,1,0,1,0,0,0,2,1,3,58,42,100
20182019,11,BOYLE,603,Kentucky School for the Deaf District,,---District Total---,,,CKEC,901,47,33,80,3,4,7,3,3,6,2,1,3,1,0,1,0,0,0,2,1,3,58,42,100
20182019,,,999,,,---State Total---,,,,,253806,238133,491939,34927,33327,68254,24124,22365,46489,6000,6002,12002,390,426,816,433,445,878,13230,13158,26388,332910,313856,646766
20182019,24,CHRISTIAN,115,Christian County,58,Hopkinsville Middle School,24115058,210115000225,WKEC,908,132,135,267,119,94,213,26,33,59,2,6,8,2,1,3,0,0,0,18,17,35,299,286,585
20182019,24,CHRISTIAN,115,Christian County,55,Indian Hills Elementary School,24115055,210115000224,WKEC,908,112,85,197,90,95,185,32,20,52,1,1,2,0,0,0,1,0,1,26,20,46,262,221,483
20182019,24,CHRISTIAN,115,Christian County,17,Martin Luther King Jr. Elementary School,24115017,210115002024,WKEC,908,115,118,233,147,149,296,24,28,52,0,1,1,0,0,0,1,3,4,25,25,50,312,324,636
20182019,24,CHRISTIAN,115,Christian County,125,Millbrooke Elementary School,24115125,210115000229,WKEC,908,257,190,447,107,99,206,23,10,33,2,2,4,3,4,7,0,1,1,33,28,61,425,334,759
20182019,24,CHRISTIAN,115,Christian County,130,Pembroke Elementary School,24115130,210115000231,WKEC,908,170,152,322,95,106,201,47,53,100,2,1,3,1,2,3,1,1,2,41,33,74,357,348,705
20182019,24,CHRISTIAN,115,Christian County,150,Sinking Fork Elementary School,24115150,210115000232,WKEC,908,140,108,248,73,78,151,12,8,20,0,0,0,0,0,0,0,1,1,11,13,24,236,208,444
20182019,24,CHRISTIAN,115,Christian County,170,South Christian Elementary School,24115170,210115000233,WKEC,908,178,158,336,94,85,179,39,22,61,4,6,10,1,1,2,2,1,3,20,19,39,338,292,630
20182019,24,CHRISTIAN,115,Christian County,,---District Total---,,,WKEC,908,2215,1979,4194,1465,1389,2854,312,297,609,21,25,46,9,16,25,7,11,18,267,273,540,4296,3990,8286
20182019,25,CLARK,121,Clark County,30,George Rogers Clark High School,25121030,210120000237,CKEC,901,647,630,1277,55,31,86,57,33,90,4,6,10,1,1,2,0,1,1,16,23,39,780,725,1505
20182019,25,CLARK,121,Clark County,13,Phoenix Academy,25121013,210120001624,CKEC,901,21,14,35,3,0,3,4,0,4,0,0,0,0,0,0,0,0,0,0,3,3,28,17,45
20182019,25,CLARK,121,Clark County,26,Rev. Henry E. Baker Sr. Interm. School,25121026,210120002389,CKEC,901,365,317,682,27,20,47,30,35,65,2,3,5,0,0,0,0,0,0,14,16,30,438,391,829
20182019,25,CLARK,121,Clark County,23,Robert D. Campbell Jr. High,25121023,210120002402,CKEC,901,386,319,705,20,28,48,33,27,60,3,3,6,0,1,1,1,0,1,16,12,28,459,390,849
20182019,25,CLARK,121,Clark County,6,Shearer Elementary School,25121006,210120002397,CKEC,901,185,146,331,7,6,13,22,20,42,0,2,2,0,2,2,0,0,0,13,12,25,227,188,415
20182019,25,CLARK,121,Clark County,4,Strode Station Elementary School,25121004,210120002395,CKEC,901,214,194,408,7,17,24,27,15,42,3,8,11,0,0,0,1,1,2,21,14,35,273,249,522
20182019,25,CLARK,121,Clark County,8,William G. Conkwright Elementary,25121008,210120002391,CKEC,901,209,194,403,20,15,35,15,14,29,0,2,2,0,1,1,0,0,0,4,9,13,248,235,483
20182019,25,CLARK,121,Clark County,2,Willis H. Justice Elementary School,25121002,210120002405,CKEC,901,202,164,366,13,16,29,18,20,38,2,0,2,0,1,1,0,0,0,12,12,24,247,213,460
20182019,25,CLARK,121,Clark County,,---District Total---,,,CKEC,901,2229,1978,4207,152,133,285,206,164,370,14,24,38,1,6,7,2,2,4,96,101,197,2700,2408,5108
20182019,26,CLAY,125,Clay County,40,Big Creek Elementary,26125040,210123000247,SESC,907,91,90,181,1,1,2,0,0,0,0,0,0,0,0,0,0,0,0,0,0,0,92,91,183
20182019,26,CLAY,125,Clay County,70,Burning Springs Elementary,26125070,210123000248,SESC,907,119,149,268,1,1,2,1,2,3,0,0,0,0,1,1,0,0,0,0,3,3,121,156,277
20182019,26,CLAY,125,Clay County,100,Clay County High School,26125100,210123000249,SESC,907,411,371,782,3,5,8,1,4,5,0,1,1,0,0,0,0,0,0,3,1,4,418,382,800
20182019,26,CLAY,125,Clay County,95,Clay County Middle School,26125095,210123001699,SESC,907,231,205,436,3,6,9,0,2,2,0,1,1,0,0,0,0,0,0,0,2,2,234,216,450
20182019,26,CLAY,125,Clay County,200,Goose Rock Elementary,26125200,210123000251,SESC,907,115,85,200,0,0,0,0,0,0,0,0,0,0,0,0,0,0,0,0,0,0,115,85,200
20182019,26,CLAY,125,Clay County,220,Hacker Elementary School,26125220,210123000252,SESC,907,150,128,278,1,0,1,1,1,2,1,1,2,0,0,0,0,0,0,0,0,0,153,130,283
20182019,26,CLAY,125,Clay County,41,Horse Creek Learning Center,26125041,210123001846,SESC,907,25,23,48,0,1,1,1,1,2,0,0,0,0,0,0,0,0,0,1,0,1,27,25,52
20182019,26,CLAY,125,Clay County,500,Manchester Elementary School,26125500,210123000255,SESC,907,198,187,385,7,5,12,0,3,3,1,0,1,0,0,0,1,1,2,1,4,5,208,200,408
20182019,26,CLAY,125,Clay County,570,Oneida Elementary School,26125570,210123000256,SESC,907,61,46,107,1,0,1,0,0,0,0,0,0,0,0,0,0,0,0,0,0,0,62,46,108
20182019,26,CLAY,125,Clay County,580,Paces Creek Elementary,26125580,210123001413,SESC,907,155,136,291,0,1,1,2,1,3,0,0,0,0,0,0,0,0,0,0,3,3,157,141,298
20182019,26,CLAY,125,Clay County,,---District Total---,,,SESC,907,1556,1420,2976,17,20,37,6,14,20,2,3,5,0,1,1,1,1,2,5,13,18,1587,1472,3059
20182019,27,CLINTON,131,Clinton County,15,Albany Elementary School,27131015,210126000257,GRREC,902,199,248,447,1,1,2,25,15,40,0,0,0,0,0,0,0,0,0,0,1,1,225,265,490
20182019,27,CLINTON,131,Clinton County,20,Clinton County Early Childhood Center,27131020,210126002228,GRREC,902,60,57,117,0,1,1,2,3,5,0,0,0,0,0,0,0,0,0,0,0,0,62,61,123
20182019,27,CLINTON,131,Clinton County,50,Clinton County High School,27131050,210126000259,GRREC,902,204,231,435,0,0,0,13,14,27,0,0,0,2,0,2,0,0,0,1,1,2,220,246,466
20182019,27,CLINTON,131,Clinton County,45,Clinton County Middle School,27131045,210126000444,GRREC,902,254,206,460,1,2,3,14,18,32,0,0,0,0,0,0,0,1,1,1,0,1,270,227,497
20182019,27,CLINTON,131,Clinton County,16,Foothills Academy,27131016,210126002162,GRREC,902,59,0,59,15,0,15,4,0,4,0,0,0,0,0,0,0,0,0,0,0,0,78,0,78
20182019,27,CLINTON,131,Clinton County,,---District Total---,,,GRREC,902,776,742,1518,17,4,21,58,50,108,0,0,0,2,0,2,0,1,1,2,2,4,855,799,1654
20182019,14,BRECKINRIDGE,132,Cloverport Independent,10,Frederick Fraize High School,14132010,210129000261,GRREC,902,62,55,117,2,1,3,0,1,1,0,0,0,0,0,0,0,0,0,1,0,1,65,57,122
20182019,14,BRECKINRIDGE,132,Cloverport Independent,25,Frederick Fraize Middle School,14132025,210129000907,GRREC,902,40,42,82,2,2,4,1,0,1,0,0,0,0,0,0,0,0,0,1,1,2,44,45,89
20182019,14,BRECKINRIDGE,132,Cloverport Independent,20,William H Natcher Elementary School,14132020,210129000262,GRREC,902,70,67,137,1,1,2,0,0,0,0,0,0,0,0,0,0,0,0,0,1,1,71,69,140
20182019,14,BRECKINRIDGE,132,Cloverport Independent,,---District Total---,,,GRREC,902,172,164,336,5,4,9,1,1,2,0,0,0,0,0,0,0,0,0,2,2,4,180,171,351
20182019,118,WHITLEY,133,Corbin Independent,12,Corbin Educational Center,118133012,210132001622,SESC,907,24,9,33,1,0,1,0,0,0,0,0,0,0,1,1,0,0,0,0,0,0,25,10,35
20182019,118,WHITLEY,133,Corbin Independent,17,Corbin Elementary,118133017,210132002239,SESC,907,206,186,392,1,0,1,4,3,7,0,0,0,0,0,0,0,0,0,2,0,2,213,189,402
20182019,118,WHITLEY,133,Corbin Independent,40,Corbin High School,118133040,210132000266,SESC,907,419,420,839,0,1,1,12,11,23,6,9,15,1,0,1,0,0,0,7,3,10,445,444,889
20182019,118,WHITLEY,133,Corbin Independent,18,Corbin Intermediate,118133018,210132002231,SESC,907,115,101,216,0,0,0,4,4,8,0,0,0,0,0,0,0,0,0,2,1,3,121,106,227
20182019,118,WHITLEY,133,Corbin Independent,50,Corbin Middle School,118133050,210132001414,SESC,907,352,297,649,0,0,0,9,19,28,5,0,5,0,0,0,0,1,1,5,5,10,371,322,693
20182019,118,WHITLEY,133,Corbin Independent,70,Corbin Primary,118133070,210132002218,SESC,907,303,263,566,1,1,2,13,4,17,1,1,2,0,0,0,1,0,1,2,3,5,321,272,593
20182019,118,WHITLEY,133,Corbin Independent,100,Corbin School of Innovation,118133100,210132002367,SESC,907,32,51,83,0,0,0,0,1,1,0,0,0,0,0,0,0,0,0,0,0,0,32,52,84
20182019,118,WHITLEY,133,Corbin Independent,,---District Total---,,,SESC,907,1474,1349,2823,3,2,5,42,42,84,12,10,22,1,1,2,1,1,2,18,12,30,1551,1417,2968
20182019,59,KENTON,134,Covington Independent,11,Covington Adult High School,59134011,210135001495,NKCES,905,8,11,19,8,8,16,0,0,0,0,0,0,0,0,0,0,0,0,3,3,6,19,22,41
20182019,59,KENTON,134,Covington Independent,160,Glenn O Swing Elementary,59134160,210135000275,NKCES,905,100,92,192,56,61,117,46,59,105,0,0,0,0,0,0,2,0,2,16,26,42,220,238,458
20182019,59,KENTON,134,Covington Independent,19,Holmes High School,59134019,210135002049,NKCES,905,163,170,333,116,105,221,83,55,138,1,0,1,0,0,0,1,2,3,38,38,76,402,370,772
20182019,59,KENTON,134,Covington Independent,17,Holmes Middle School,59134017,210135001944,NKCES,905,161,120,281,100,125,225,72,51,123,0,0,0,0,1,1,2,0,2,34,45,79,369,342,711
20182019,59,KENTON,134,Covington Independent,110,John G Carlisle Elementary,59134110,210135000270,NKCES,905,67,46,113,30,37,67,54,51,105,1,0,1,0,0,0,0,0,0,13,17,30,165,151,316
20182019,59,KENTON,134,Covington Independent,115,Latonia Elementary School,59134115,210135000271,NKCES,905,103,96,199,64,60,124,8,15,23,0,0,0,0,0,0,1,1,2,19,7,26,195,179,374
20182019,59,KENTON,134,Covington Independent,150,Ninth District Elementary,59134150,210135000274,NKCES,905,73,64,137,74,73,147,37,18,55,0,0,0,0,0,0,1,2,3,23,20,43,208,177,385
20182019,59,KENTON,134,Covington Independent,170,Sixth District Elementary School,59134170,210135000276,NKCES,905,75,73,148,72,64,136,52,37,89,0,0,0,0,0,0,0,0,0,20,22,42,219,196,415
20182019,59,KENTON,134,Covington Independent,13,Transformational Learning Center,59134013,210135001783,NKCES,905,31,13,44,26,13,39,1,1,2,1,0,1,0,0,0,1,0,1,4,3,7,64,30,94
20182019,59,KENTON,134,Covington Independent,,---District Total---,,,NKCES,905,781,685,1466,546,546,1092,353,287,640,3,0,3,0,1,1,8,5,13,170,181,351,1861,1705,3566
20182019,28,CRITTENDEN,135,Crittenden County,100,Crittenden County Elementary School,28135100,210138001441,WKEC,908,285,272,557,0,0,0,6,8,14,1,0,1,0,0,0,0,0,0,17,7,24,309,287,596
20182019,28,CRITTENDEN,135,Crittenden County,20,Crittenden County High School,28135020,210138000279,WKEC,908,186,166,352,0,1,1,4,1,5,0,0,0,0,1,1,0,0,0,4,4,8,194,173,367
20182019,28,CRITTENDEN,135,Crittenden County,25,Crittenden County Middle School,28135025,210138000280,WKEC,908,168,154,322,1,0,1,4,1,5,0,0,0,1,0,1,0,0,0,4,1,5,178,156,334
20182019,28,CRITTENDEN,135,Crittenden County,22,Pathway Academy High School,28135022,210138002225,WKEC,908,1,3,4,0,0,0,0,0,0,0,0,0,0,0,0,0,0,0,0,0,0,1,3,4
20182019,28,CRITTENDEN,135,Crittenden County,,---District Total---,,,WKEC,908,640,595,1235,1,1,2,14,10,24,1,0,1,1,1,2,0,0,0,25,12,37,682,619,1301
20182019,29,CUMBERLAND,141,Cumberland County,70,Cumberland County Elementary School,29141070,210141000286,GRREC,902,203,188,391,2,2,4,3,6,9,0,1,1,0,0,0,0,0,0,10,11,21,218,208,426
20182019,29,CUMBERLAND,141,Cumberland County,80,Cumberland County High School,29141080,210141000287,GRREC,902,124,118,242,4,0,4,4,4,8,0,0,0,0,1,1,0,0,0,5,2,7,137,125,262
20182019,29,CUMBERLAND,141,Cumberland County,75,Cumberland County Middle School,29141075,210141001561,GRREC,902,91,91,182,0,1,1,5,2,7,0,0,0,0,0,0,0,0,0,6,8,14,102,102,204
20182019,29,CUMBERLAND,141,Cumberland County,,---District Total---,,,GRREC,902,418,397,815,6,3,9,12,12,24,0,1,1,0,1,1,0,0,0,21,21,42,457,435,892
20182019,11,BOYLE,143,Danville Independent,30,Danville High School,11143030,210144000291,CKEC,901,168,152,320,49,49,98,21,23,44,2,1,3,0,0,0,0,0,0,30,30,60,270,255,525
20182019,11,BOYLE,143,Danville Independent,10,Edna L. Toliver Intermediate School,11143010,,CKEC,901,194,154,348,51,41,92,39,41,80,1,1,2,1,1,2,0,0,0,31,39,70,317,277,594
20182019,11,BOYLE,143,Danville Independent,5,John W. Bate Middle School,11143005,210144000290,CKEC,901,122,106,228,35,37,72,28,24,52,1,1,2,0,1,1,0,0,0,35,23,58,221,192,413
20182019,11,BOYLE,143,Danville Independent,3,Mary G. Hogsett Primary School,11143003,,CKEC,901,85,82,167,23,17,40,14,10,24,0,2,2,0,0,0,0,0,0,21,14,35,143,125,268
20182019,11,BOYLE,143,Danville Independent,350,Sunrise Academy,11143350,210144000646,CKEC,901,20,0,20,6,0,6,1,0,1,0,0,0,0,0,0,0,0,0,0,0,0,27,0,27
20182019,11,BOYLE,143,Danville Independent,,---District Total---,,,CKEC,901,589,494,1083,164,144,308,103,98,201,4,5,9,1,2,3,0,0,0,117,106,223,978,849,1827
20182019,30,DAVIESS,145,Daviess County,5,Apollo High School,30145005,210147000295,GRREC,902,599,539,1138,35,35,70,44,42,86,34,44,78,2,0,2,2,4,6,32,29,61,748,693,1441
20182019,30,DAVIESS,145,Daviess County,85,Audubon Elementary School,30145085,210147000054,GRREC,902,170,144,314,17,11,28,3,8,11,4,8,12,0,0,0,0,0,0,15,18,33,209,189,398
20182019,30,DAVIESS,145,Daviess County,155,College View Middle School,30145155,210147000961,GRREC,902,371,330,701,12,8,20,25,32,57,28,13,41,0,0,0,2,0,2,10,7,17,448,390,838
20182019,30,DAVIESS,145,Daviess County,150,Country Heights Elementary School,30145150,210147001581,GRREC,902,185,222,407,3,2,5,7,7,14,1,5,6,0,0,0,0,1,1,6,10,16,202,247,449
20182019,30,DAVIESS,145,Daviess County,10,Daviess County High School,30145010,210147000297,GRREC,902,778,762,1540,20,10,30,22,23,45,20,18,38,0,1,1,1,0,1,12,20,32,853,834,1687
20182019,30,DAVIESS,145,Daviess County,20,Daviess County Middle School,30145020,210147000298,GRREC,902,347,368,715,8,8,16,31,21,52,14,7,21,0,2,2,0,0,0,18,21,39,418,427,845
20182019,30,DAVIESS,145,Daviess County,40,Deer Park Elementary School,30145040,210147000301,GRREC,902,194,208,402,10,12,22,14,12,26,16,27,43,0,2,2,0,1,1,10,11,21,244,273,517
20182019,30,DAVIESS,145,Daviess County,7,East View Elementary School,30145007,210147001625,GRREC,902,212,208,420,2,1,3,25,25,50,0,0,0,2,1,3,0,0,0,8,8,16,249,243,492
20182019,30,DAVIESS,145,Daviess County,145,F T Burns Elementary School,30145145,210147000311,GRREC,902,156,155,311,17,11,28,31,32,63,15,23,38,1,4,5,2,3,5,17,24,41,239,252,491
20182019,30,DAVIESS,145,Daviess County,8,F T Burns Middle School,30145008,210147000296,GRREC,902,311,324,635,24,22,46,27,28,55,22,16,38,0,0,0,0,1,1,25,20,45,409,411,820
20182019,30,DAVIESS,145,Daviess County,180,Heritage Park High School,30145180,210147000969,GRREC,902,99,62,161,6,4,10,5,4,9,0,0,0,0,0,0,0,0,0,6,5,11,116,75,191
20182019,30,DAVIESS,145,Daviess County,25,Highland Elementary School,30145025,210147000299,GRREC,902,218,195,413,10,7,17,8,3,11,16,26,42,1,1,2,0,1,1,15,8,23,268,241,509
20182019,30,DAVIESS,145,Daviess County,6,Meadow Lands Elementary School,30145006,210147001949,GRREC,902,177,158,335,5,6,11,21,20,41,2,0,2,1,0,1,0,1,1,14,11,25,220,196,416
20182019,30,DAVIESS,145,Daviess County,160,Owensboro Day Treatment,30145160,210147000312,GRREC,902,12,4,16,0,0,0,0,2,2,0,0,0,0,0,0,0,0,0,5,1,6,17,7,24
20182019,30,DAVIESS,145,Daviess County,70,Sorgho Elementary School,30145070,210147000303,GRREC,902,184,145,329,7,7,14,24,23,47,1,1,2,0,1,1,1,0,1,13,15,28,230,192,422
20182019,30,DAVIESS,145,Daviess County,11,Southern Oaks Elementary School,30145011,210147002230,GRREC,902,165,164,329,2,1,3,26,15,41,13,13,26,0,0,0,0,0,0,3,4,7,209,197,406
20182019,30,DAVIESS,145,Daviess County,95,Tamarack Elementary School,30145095,210147000306,GRREC,902,194,175,369,22,12,34,13,20,33,9,13,22,1,0,1,2,2,4,16,13,29,257,235,492
20182019,30,DAVIESS,145,Daviess County,15,The Center for Academic Improvement,30145015,,GRREC,902,14,6,20,0,0,0,1,0,1,0,0,0,0,0,0,0,0,0,1,1,2,16,7,23
20182019,30,DAVIESS,145,Daviess County,175,Valley Elementary School,30145175,210147000964,GRREC,902,24,6,30,1,0,1,0,1,1,0,0,0,0,0,0,0,0,0,1,0,1,26,7,33
20182019,30,DAVIESS,145,Daviess County,170,Valley High School,30145170,210147001700,GRREC,902,3,2,5,2,1,3,0,0,0,0,0,0,0,0,0,0,0,0,0,0,0,5,3,8
20182019,30,DAVIESS,145,Daviess County,130,West Louisville Elementary School,30145130,210147000309,GRREC,902,140,148,288,2,1,3,10,12,22,0,0,0,1,0,1,0,0,0,3,5,8,156,166,322
20182019,30,DAVIESS,145,Daviess County,140,Whitesville Elementary School,30145140,210147000310,GRREC,902,154,141,295,1,1,2,4,3,7,1,0,1,0,0,0,0,0,0,8,5,13,168,150,318
20182019,30,DAVIESS,145,Daviess County,,---District Total---,,,GRREC,902,4707,4466,9173,206,160,366,341,333,674,196,214,410,9,12,21,10,14,24,238,236,474,5707,5435,11142
20182019,54,HOPKINS,146,Dawson Springs Independent,17,Dawson Springs Elementary,54146017,210150002200,WKEC,908,154,146,300,2,0,2,1,1,2,0,1,1,0,0,0,0,0,0,11,6,17,168,154,322
20182019,54,HOPKINS,146,Dawson Springs Independent,18,Dawson Springs Jr/Sr High School,54146018,210150002203,WKEC,908,128,124,252,0,0,0,1,5,6,0,0,0,0,0,0,2,1,3,3,2,5,134,132,266
20182019,54,HOPKINS,146,Dawson Springs Independent,,---District Total---,,,WKEC,908,282,270,552,2,0,2,2,6,8,0,1,1,0,0,0,2,1,3,14,8,22,302,286,588
20182019,19,CAMPBELL,147,Dayton Independent,10,Dayton High School,19147010,210153000316,NKCES,905,170,149,319,7,7,14,16,6,22,0,0,0,0,0,0,0,0,0,1,5,6,194,167,361
20182019,19,CAMPBELL,147,Dayton Independent,30,Lincoln Elementary School,19147030,210153000317,NKCES,905,216,202,418,3,7,10,20,14,34,1,1,2,0,0,0,0,0,0,11,9,20,251,233,484
20182019,19,CAMPBELL,147,Dayton Independent,120,Regional Programs School,19147120,210153002413,NKCES,905,20,9,29,6,2,8,0,0,0,0,0,0,0,0,0,0,0,0,3,1,4,29,12,41
20182019,19,CAMPBELL,147,Dayton Independent,,---District Total---,,,NKCES,905,406,360,766,16,16,32,36,20,56,1,1,2,0,0,0,0,0,0,15,15,30,474,412,886
20182019,63,LAUREL,149,East Bernstadt Independent,10,East Bernstadt Elementary School,63149010,210159000318,SESC,907,226,227,453,1,4,5,2,0,2,0,3,3,0,0,0,0,0,0,1,0,1,230,234,464
20182019,63,LAUREL,149,East Bernstadt Independent,,---District Total---,,,SESC,907,226,227,453,1,4,5,2,0,2,0,3,3,0,0,0,0,0,0,1,0,1,230,234,464
20182019,31,EDMONSON,151,Edmonson County,22,Edmonson County 5/6 Center,31151022,210162001985,GRREC,902,140,112,252,0,0,0,3,5,8,1,0,1,0,0,0,0,0,0,7,2,9,151,119,270
20182019,31,EDMONSON,151,Edmonson County,60,Edmonson County High School,31151060,210162001442,GRREC,902,274,254,528,0,0,0,3,8,11,0,4,4,0,0,0,0,0,0,4,7,11,281,273,554
20182019,31,EDMONSON,151,Edmonson County,50,Edmonson County Middle School,31151050,210162000321,GRREC,902,142,133,275,0,0,0,3,8,11,2,0,2,0,2,2,0,1,1,2,6,8,149,150,299
20182019,31,EDMONSON,151,Edmonson County,80,Kyrock Elementary School,31151080,210162000322,GRREC,902,133,133,266,0,0,0,3,1,4,0,0,0,0,0,0,1,0,1,2,2,4,139,136,275
20182019,31,EDMONSON,151,Edmonson County,20,South Edmonson Elementary School,31151020,210162000319,GRREC,902,230,182,412,0,0,0,5,4,9,1,1,2,0,0,0,0,0,0,3,4,7,239,191,430
20182019,31,EDMONSON,151,Edmonson County,,---District Total---,,,GRREC,902,919,814,1733,0,0,0,17,26,43,4,5,9,0,2,2,1,1,2,18,21,39,959,869,1828
20182019,47,HARDIN,152,Elizabethtown Independent,10,Elizabethtown High School,47152010,210165000323,GRREC,902,253,246,499,38,37,75,17,21,38,14,18,32,0,1,1,1,0,1,31,29,60,354,352,706
20182019,47,HARDIN,152,Elizabethtown Independent,45,Glen Dale Center,47152045,210165002246,GRREC,902,0,13,13,0,1,1,0,3,3,0,0,0,0,0,0,0,0,0,0,0,0,0,17,17
20182019,47,HARDIN,152,Elizabethtown Independent,15,Helmwood Heights Elementary School,47152015,210165000324,GRREC,902,129,124,253,24,16,40,13,17,30,6,8,14,1,0,1,1,1,2,26,28,54,200,194,394
20182019,47,HARDIN,152,Elizabethtown Independent,20,Morningside Elementary School,47152020,210165000325,GRREC,902,161,152,313,23,26,49,28,13,41,5,2,7,0,0,0,0,2,2,24,22,46,241,217,458
20182019,47,HARDIN,152,Elizabethtown Independent,25,Panther Academy,47152025,210165002319,GRREC,902,52,46,98,11,4,15,12,3,15,1,1,2,2,0,2,0,0,0,13,6,19,91,60,151
20182019,47,HARDIN,152,Elizabethtown Independent,35,Talton K Stone Middle School,47152035,210165000326,GRREC,902,232,182,414,40,35,75,20,27,47,5,11,16,2,1,3,1,0,1,31,30,61,331,286,617
20182019,47,HARDIN,152,Elizabethtown Independent,41,Valley View Education Center,47152041,210165002355,GRREC,902,15,10,25,4,3,7,1,1,2,0,0,0,1,0,1,0,0,0,2,4,6,23,18,41
20182019,47,HARDIN,152,Elizabethtown Independent,,---District Total---,,,GRREC,902,842,773,1615,140,122,262,91,85,176,31,40,71,6,2,8,3,3,6,127,119,246,1240,1144,2384
20182019,32,ELLIOTT,155,Elliott County,280,Elliott County High School,32155280,210168000331,KEDC,903,237,250,487,1,0,1,0,0,0,0,0,0,0,1,1,0,0,0,0,0,0,238,251,489
20182019,32,ELLIOTT,155,Elliott County,140,Isonville Elementary School,32155140,210168000328,KEDC,903,50,29,79,0,0,0,1,0,1,0,0,0,0,0,0,0,0,0,1,0,1,52,29,81
20182019,32,ELLIOTT,155,Elliott County,160,Lakeside Elementary School,32155160,210168000329,KEDC,903,83,79,162,1,2,3,2,0,2,0,0,0,0,0,0,0,0,0,0,1,1,86,82,168
20182019,32,ELLIOTT,155,Elliott County,270,Sandy Hook Elementary School,32155270,210168000330,KEDC,903,157,111,268,1,1,2,1,1,2,0,0,0,0,0,0,0,0,0,0,0,0,159,113,272
20182019,32,ELLIOTT,155,Elliott County,,---District Total---,,,KEDC,903,527,469,996,3,3,6,4,1,5,0,0,0,0,1,1,0,0,0,1,1,2,535,475,1010
20182019,52,HENRY,156,Eminence Independent,25,Bluegrass Challenge Academy,52156025,,OVEC,906,30,6,36,3,1,4,3,1,4,0,0,0,0,0,0,0,0,0,5,2,7,41,10,51
20182019,52,HENRY,156,Eminence Independent,20,Eminence Elementary School,52156020,210171000333,OVEC,906,143,127,270,6,9,15,20,14,34,0,2,2,0,1,1,0,0,0,21,15,36,190,168,358
20182019,52,HENRY,156,Eminence Independent,10,Eminence High School,52156010,210171000332,OVEC,906,151,139,290,9,9,18,33,19,52,0,0,0,0,1,1,0,0,0,12,10,22,205,178,383
20182019,52,HENRY,156,Eminence Independent,21,Whitney M. Young Jr. Job Corps Center,52156021,210171002220,OVEC,906,14,3,17,18,25,43,1,2,3,0,0,0,0,0,0,0,0,0,0,0,0,33,30,63
20182019,52,HENRY,156,Eminence Independent,,---District Total---,,,OVEC,906,338,275,613,36,44,80,57,36,93,0,2,2,0,2,2,0,0,0,38,27,65,469,386,855
20182019,59,KENTON,157,Erlanger-Elsmere Independent,5,Arnett Elementary School,59157005,210174000335,NKCES,905,118,87,205,12,7,19,9,8,17,0,0,0,0,0,0,2,0,2,16,18,34,157,120,277
20182019,59,KENTON,157,Erlanger-Elsmere Independent,61,Bartlett Educational Center,59157061,210174002313,NKCES,905,29,18,47,12,2,14,5,1,6,0,0,0,0,0,0,0,0,0,2,1,3,48,22,70
20182019,59,KENTON,157,Erlanger-Elsmere Independent,10,Howell Elementary School,59157010,210174000336,NKCES,905,98,95,193,11,10,21,22,20,42,0,1,1,0,0,0,0,0,0,27,25,52,158,151,309
20182019,59,KENTON,157,Erlanger-Elsmere Independent,3,Lindeman Elementary School,59157003,210174000334,NKCES,905,104,88,192,15,14,29,24,17,41,1,2,3,0,0,0,4,6,10,19,25,44,167,152,319
20182019,59,KENTON,157,Erlanger-Elsmere Independent,30,Lloyd High School,59157030,210174000337,NKCES,905,236,189,425,33,28,61,34,31,65,0,2,2,1,0,1,4,4,8,29,23,52,337,277,614
20182019,59,KENTON,157,Erlanger-Elsmere Independent,50,Miles Elementary School,59157050,210174000338,NKCES,905,93,103,196,6,9,15,13,21,34,0,0,0,0,0,0,0,0,0,17,15,32,129,148,277
20182019,59,KENTON,157,Erlanger-Elsmere Independent,60,Tichenor Middle School,59157060,210174000339,NKCES,905,204,198,402,28,24,52,24,29,53,0,1,1,0,1,1,4,4,8,37,34,71,297,291,588
20182019,59,KENTON,157,Erlanger-Elsmere Independent,,---District Total---,,,NKCES,905,882,778,1660,117,94,211,131,127,258,1,6,7,1,1,2,14,14,28,147,141,288,1293,1161,2454
20182019,33,ESTILL,161,Estill County,90,Estill County High School,33161090,210176000342,SESC,907,343,336,679,0,0,0,0,6,6,4,0,4,0,0,0,0,0,0,5,1,6,352,343,695
20182019,33,ESTILL,161,Estill County,85,Estill County Middle School,33161085,210176000341,SESC,907,255,252,507,0,0,0,1,1,2,1,1,2,0,0,0,0,0,0,1,2,3,258,256,514
20182019,33,ESTILL,161,Estill County,14,Estill County Success Academy,33161014,210176002406,SESC,907,20,4,24,0,0,0,0,0,0,0,0,0,0,0,0,0,0,0,0,0,0,20,4,24
20182019,33,ESTILL,161,Estill County,11,Estill Springs Elementary,33161011,210176001746,SESC,907,240,211,451,1,0,1,3,2,5,0,0,0,0,2,2,0,1,1,6,2,8,250,218,468
20182019,33,ESTILL,161,Estill County,280,West Irvine Intermediate,33161280,210176000346,SESC,907,260,239,499,1,1,2,3,3,6,0,0,0,0,0,0,0,0,0,4,5,9,268,248,516
20182019,33,ESTILL,161,Estill County,,---District Total---,,,SESC,907,1118,1042,2160,2,1,3,7,12,19,5,1,6,0,2,2,0,1,1,16,10,26,1148,1069,2217
20182019,10,BOYD,162,Fairview Independent,11,Fairview Elementary School,10162011,210180001889,KEDC,903,153,114,267,2,2,4,0,0,0,0,0,0,1,0,1,0,0,0,6,5,11,162,121,283
20182019,10,BOYD,162,Fairview Independent,20,Fairview High School,10162020,210180000348,KEDC,903,176,198,374,5,1,6,0,1,1,0,0,0,0,0,0,0,0,0,8,3,11,189,203,392
20182019,10,BOYD,162,Fairview Independent,,---District Total---,,,KEDC,903,329,312,641,7,3,10,0,1,1,0,0,0,1,0,1,0,0,0,14,8,22,351,324,675
20182019,34,FAYETTE,165,Fayette County,51,ABLE,34165051,210186002236,CKEC,901,9,0,9,5,0,5,0,0,0,0,0,0,0,0,0,0,0,0,3,0,3,17,0,17
20182019,34,FAYETTE,165,Fayette County,5,Arlington Elementary School,34165005,210186000350,CKEC,901,33,41,74,38,43,81,49,54,103,0,0,0,0,0,0,0,0,0,6,5,11,126,143,269
20182019,34,FAYETTE,165,Fayette County,7,Ashland Elementary School,34165007,210186000351,CKEC,901,108,87,195,34,40,74,8,12,20,5,3,8,0,0,0,0,0,0,3,13,16,158,155,313
20182019,34,FAYETTE,165,Fayette County,45,Athens-Chilesburg Elementary,34165045,210186001987,CKEC,901,279,274,553,31,37,68,17,12,29,44,41,85,3,1,4,0,0,0,19,22,41,393,387,780
20182019,34,FAYETTE,165,Fayette County,651,Audrey Grevious Center,34165651,210186001480,CKEC,901,7,7,14,11,2,13,3,2,5,0,0,0,0,0,0,0,0,0,2,0,2,23,11,34
20182019,34,FAYETTE,165,Fayette County,15,Beaumont Middle School,34165015,210186000353,CKEC,901,326,256,582,34,36,70,109,74,183,40,46,86,0,1,1,0,0,0,15,25,40,524,438,962
20182019,34,FAYETTE,165,Fayette County,55,Booker T Washington Elementary School,34165055,,CKEC,901,4,12,16,68,56,124,53,52,105,0,2,2,0,0,0,0,0,0,5,5,10,130,127,257
20182019,34,FAYETTE,165,Fayette County,170,Bryan Station High School,34165170,210186000388,CKEC,901,286,283,569,270,266,536,191,173,364,5,7,12,1,2,3,0,0,0,26,26,52,779,757,1536
20182019,34,FAYETTE,165,Fayette County,30,Bryan Station Middle School,34165030,210186000358,CKEC,901,156,158,314,78,86,164,81,100,181,4,4,8,0,1,1,0,0,0,32,26,58,351,375,726
20182019,34,FAYETTE,165,Fayette County,240,Cardinal Valley Elementary School,34165240,210186000392,CKEC,901,38,40,78,37,22,59,232,209,441,0,0,0,0,0,0,0,0,0,6,4,10,313,275,588
20182019,34,FAYETTE,165,Fayette County,275,Carter G. Woodson Academy,34165275,210186002323,CKEC,901,5,0,5,184,0,184,27,0,27,1,0,1,0,0,0,0,0,0,12,0,12,229,0,229
20182019,34,FAYETTE,165,Fayette County,32,Cassidy Elementary School,34165032,210186000359,CKEC,901,261,275,536,35,26,61,32,15,47,21,20,41,1,0,1,1,0,1,24,12,36,375,348,723
20182019,34,FAYETTE,165,Fayette County,120,Clays Mill Elementary School,34165120,210186000384,CKEC,901,232,213,445,10,6,16,17,21,38,10,4,14,1,0,1,0,0,0,17,16,33,287,260,547
20182019,34,FAYETTE,165,Fayette County,98,Coventry Oak Elementary,34165098,,CKEC,901,64,69,133,92,98,190,104,95,199,3,2,5,1,0,1,0,0,0,15,21,36,279,285,564
20182019,34,FAYETTE,165,Fayette County,25,Crawford Middle School,34165025,210186000357,CKEC,901,86,114,200,138,144,282,96,89,185,7,10,17,2,0,2,0,0,0,21,18,39,350,375,725
20182019,34,FAYETTE,165,Fayette County,35,Deep Springs Elementary School,34165035,210186000360,CKEC,901,107,103,210,89,76,165,51,47,98,0,0,0,1,0,1,0,0,0,19,10,29,267,236,503
20182019,34,FAYETTE,165,Fayette County,36,Dixie Elementary Magnet School,34165036,210186000361,CKEC,901,143,111,254,73,84,157,48,31,79,4,3,7,2,0,2,0,0,0,29,25,54,299,254,553
20182019,34,FAYETTE,165,Fayette County,34,Edythe Jones Hayes Middle School,34165034,210186001957,CKEC,901,345,342,687,94,101,195,34,31,65,61,41,102,0,1,1,0,1,1,35,37,72,569,554,1123
20182019,34,FAYETTE,165,Fayette County,66,Family Care Center,34165066,210186002325,CKEC,901,0,10,10,0,15,15,0,14,14,0,0,0,0,0,0,0,0,0,0,0,0,0,39,39
20182019,34,FAYETTE,165,Fayette County,898,Fayette County Learning Center,34165898,210186002251,CKEC,901,60,57,117,21,18,39,8,9,17,0,0,0,0,0,0,0,0,0,12,3,15,101,87,188
20182019,34,FAYETTE,165,Fayette County,102,Fayette Regional Juvenile Det Ctr,34165102,210186002025,CKEC,901,15,5,20,18,2,20,5,0,5,0,0,0,0,0,0,0,0,0,1,0,1,39,7,46
20182019,34,FAYETTE,165,Fayette County,125,Frederick Douglass High School,34165125,,CKEC,901,246,299,545,190,196,386,79,79,158,24,24,48,4,1,5,0,0,0,25,26,51,568,625,1193
20182019,34,FAYETTE,165,Fayette County,37,Garden Springs Elementary School,34165037,210186000362,CKEC,901,141,155,296,22,16,38,40,31,71,2,6,8,0,0,0,0,0,0,11,15,26,216,223,439
20182019,34,FAYETTE,165,Fayette County,99,Garrett Morgan Elementary,34165099,,CKEC,901,237,228,465,67,65,132,21,21,42,40,29,69,0,1,1,1,0,1,24,23,47,390,367,757
20182019,34,FAYETTE,165,Fayette County,150,Glendover Elementary School,34165150,210186000386,CKEC,901,158,156,314,27,23,50,85,63,148,33,25,58,0,0,0,0,0,0,3,17,20,306,284,590
20182019,34,FAYETTE,165,Fayette County,38,Harrison Elementary School,34165038,210186000363,CKEC,901,26,27,53,76,77,153,16,19,35,1,1,2,1,0,1,0,0,0,8,10,18,128,134,262
20182019,34,FAYETTE,165,Fayette County,39,Henry Clay High School,34165039,210186000364,CKEC,901,614,632,1246,186,219,405,119,87,206,54,72,126,3,4,7,0,1,1,47,36,83,1023,1051,2074
20182019,34,FAYETTE,165,Fayette County,190,James Lane Allen Elementary School,34165190,210186000390,CKEC,901,54,69,123,38,35,73,121,108,229,2,5,7,0,0,0,0,0,0,11,9,20,226,226,452
20182019,34,FAYETTE,165,Fayette County,225,Jessie M Clark Middle School,34165225,210186000391,CKEC,901,407,387,794,43,46,89,45,47,92,38,41,79,1,2,3,0,0,0,26,24,50,560,547,1107
20182019,34,FAYETTE,165,Fayette County,620,Julius Marks Elementary School,34165620,210186000395,CKEC,901,168,138,306,99,85,184,28,31,59,11,11,22,0,0,0,0,0,0,25,44,69,331,309,640
20182019,34,FAYETTE,165,Fayette County,60,Lafayette High School,34165060,210186000367,CKEC,901,738,756,1494,131,118,249,130,114,244,49,76,125,0,0,0,2,0,2,35,39,74,1085,1103,2188
20182019,34,FAYETTE,165,Fayette County,62,Lansdowne Elementary School,34165062,210186000368,CKEC,901,149,127,276,85,68,153,43,39,82,13,12,25,3,1,4,0,0,0,23,17,40,316,264,580
20182019,34,FAYETTE,165,Fayette County,65,Leestown Middle School,34165065,210186000369,CKEC,901,181,139,320,101,102,203,179,174,353,6,6,12,0,0,0,0,0,0,22,22,44,489,443,932
20182019,34,FAYETTE,165,Fayette County,67,Lexington Trad Magnet School,34165067,210186000370,CKEC,901,71,50,121,105,124,229,46,40,86,3,0,3,0,0,0,0,0,0,13,7,20,238,221,459
20182019,34,FAYETTE,165,Fayette County,57,Liberty Elementary,34165057,210186002207,CKEC,901,231,190,421,78,75,153,39,49,88,22,18,40,0,0,0,2,5,7,27,27,54,399,364,763
20182019,34,FAYETTE,165,Fayette County,72,Madeline M Breckinridge Elem School,34165072,210186000372,CKEC,901,51,47,98,106,108,214,76,73,149,13,4,17,0,0,0,1,0,1,23,26,49,270,258,528
20182019,34,FAYETTE,165,Fayette County,21,Martin L King Acad for Excellence Alt,34165021,210186001848,CKEC,901,56,30,86,60,41,101,15,10,25,1,0,1,0,0,0,0,0,0,16,3,19,148,84,232
20182019,34,FAYETTE,165,Fayette County,180,Mary Todd Elementary School,34165180,210186000389,CKEC,901,60,62,122,77,80,157,99,86,185,2,0,2,0,0,0,0,0,0,11,6,17,249,234,483
20182019,34,FAYETTE,165,Fayette County,74,Maxwell Spanish Immersion Elem School,34165074,210186000373,CKEC,901,127,143,270,58,42,100,52,52,104,5,5,10,0,1,1,0,0,0,27,34,61,269,277,546
20182019,34,FAYETTE,165,Fayette County,160,Meadowthorpe Elementary School,34165160,210186000387,CKEC,901,127,111,238,60,56,116,35,29,64,14,10,24,2,0,2,0,1,1,20,14,34,258,221,479
20182019,34,FAYETTE,165,Fayette County,255,Millcreek Elementary School,34165255,210186001419,CKEC,901,109,79,188,78,86,164,23,36,59,2,9,11,0,1,1,1,0,1,17,24,41,230,235,465
20182019,34,FAYETTE,165,Fayette County,76,Morton Middle School,34165076,210186000374,CKEC,901,266,225,491,52,59,111,53,46,99,30,16,46,0,1,1,0,1,1,15,18,33,416,366,782
20182019,34,FAYETTE,165,Fayette County,77,Northern Elementary School,34165077,210186000375,CKEC,901,61,54,115,91,92,183,75,66,141,0,0,0,2,1,3,0,0,0,6,12,18,235,225,460
20182019,34,FAYETTE,165,Fayette County,899,Opportunity Middle College,34165899,210186002242,CKEC,901,2,11,13,1,19,20,2,2,4,0,0,0,0,0,0,0,0,0,1,3,4,6,35,41
20182019,34,FAYETTE,165,Fayette County,200,Paul Laurence Dunbar High School,34165200,210186001669,CKEC,901,493,496,989,121,126,247,261,228,489,94,89,183,1,1,2,2,1,3,26,24,50,998,965,1963
20182019,34,FAYETTE,165,Fayette County,80,Picadome Elementary School,34165080,210186000376,CKEC,901,146,126,272,66,59,125,14,18,32,7,6,13,0,0,0,0,0,0,17,15,32,250,224,474
20182019,34,FAYETTE,165,Fayette County,52,Rosa Parks Elementary School,34165052,210186001422,CKEC,901,231,199,430,11,9,20,21,12,33,115,107,222,0,2,2,0,0,0,10,14,24,388,343,731
20182019,34,FAYETTE,165,Fayette County,90,Russell Cave Elementary School,34165090,210186000380,CKEC,901,20,16,36,17,13,30,102,93,195,0,0,0,0,0,0,0,0,0,1,0,1,140,122,262
20182019,34,FAYETTE,165,Fayette County,130,STEAM Academy,34165130,210186002341,CKEC,901,114,75,189,45,50,95,13,14,27,4,5,9,0,2,2,0,0,0,5,4,9,181,150,331
20182019,34,FAYETTE,165,Fayette County,58,Sandersville Elementary,34165058,210186002189,CKEC,901,155,155,310,67,76,143,27,41,68,6,7,13,2,1,3,0,0,0,18,19,37,275,299,574
20182019,34,FAYETTE,165,Fayette County,18,Scapa At Bluegrass,34165018,210186000354,CKEC,901,70,123,193,3,17,20,2,9,11,8,25,33,0,1,1,0,0,0,5,16,21,88,191,279
20182019,34,FAYETTE,165,Fayette County,81,Southern Elementary School,34165081,210186000377,CKEC,901,130,119,249,76,84,160,40,35,75,10,3,13,1,0,1,0,0,0,19,25,44,276,266,542
20182019,34,FAYETTE,165,Fayette County,525,Southern Middle School,34165525,210186000394,CKEC,901,265,216,481,93,92,185,49,47,96,10,14,24,0,1,1,0,0,0,28,24,52,445,394,839
20182019,34,FAYETTE,165,Fayette County,82,Squires Elementary School,34165082,210186001584,CKEC,901,161,159,320,78,64,142,31,45,76,14,17,31,0,1,1,0,0,0,15,12,27,299,298,597
20182019,34,FAYETTE,165,Fayette County,85,Stonewall Elementary School,34165085,210186000378,CKEC,901,267,257,524,26,18,44,19,28,47,26,18,44,0,0,0,0,0,0,12,25,37,350,346,696
20182019,34,FAYETTE,165,Fayette County,133,Success Academy,34165133,,CKEC,901,6,5,11,6,8,14,6,2,8,0,0,0,0,0,0,0,0,0,1,0,1,19,15,34
20182019,34,FAYETTE,165,Fayette County,95,Tates Creek Elementary School,34165095,210186000381,CKEC,901,107,92,199,137,137,274,38,31,69,9,7,16,0,3,3,0,1,1,39,28,67,330,299,629
20182019,34,FAYETTE,165,Fayette County,105,Tates Creek High School,34165105,210186000383,CKEC,901,453,444,897,240,284,524,96,80,176,20,25,45,0,2,2,2,0,2,30,52,82,841,887,1728
20182019,34,FAYETTE,165,Fayette County,100,Tates Creek Middle School,34165100,210186000382,CKEC,901,220,147,367,117,121,238,57,42,99,19,12,31,0,0,0,0,2,2,25,25,50,438,349,787
20182019,34,FAYETTE,165,Fayette County,54,The Stables,34165054,210186002320,CKEC,901,19,15,34,3,8,11,0,0,0,0,0,0,0,0,0,0,0,0,0,1,1,22,24,46
20182019,34,FAYETTE,165,Fayette County,12,Veterans Park Elementary School,34165012,210186001421,CKEC,901,310,280,590,41,32,73,13,14,27,23,20,43,0,1,1,0,0,0,10,19,29,397,366,763
20182019,34,FAYETTE,165,Fayette County,59,Wellington Elementary,34165059,210186002247,CKEC,901,234,226,460,17,27,44,29,26,55,56,44,100,1,1,2,0,0,0,29,32,61,366,356,722
20182019,34,FAYETTE,165,Fayette County,56,William Wells Brown Elementary,34165056,210186002199,CKEC,901,10,17,27,95,100,195,14,30,44,0,0,0,0,0,0,0,0,0,8,12,20,127,159,286
20182019,34,FAYETTE,165,Fayette County,245,Winburn Middle School,34165245,210186000393,CKEC,901,80,78,158,121,161,282,139,149,288,16,11,27,0,0,0,0,0,0,13,19,32,369,418,787
20182019,34,FAYETTE,165,Fayette County,140,Yates Elementary School,34165140,210186000385,CKEC,901,51,43,94,63,63,126,52,61,113,2,0,2,1,0,1,0,0,0,10,7,17,179,174,353
20182019,34,FAYETTE,165,Fayette County,,---District Total---,,,CKEC,901,10390,9866,20256,4634,4540,9174,3610,3347,6957,1009,963,1972,34,35,69,12,13,25,1059,1097,2156,20748,19861,40609
20182019,35,FLEMING,171,Fleming County,50,E P Ward Elementary School,35171050,210192000400,KEDC,903,88,78,166,1,0,1,2,2,4,0,0,0,0,0,0,0,0,0,1,1,2,92,81,173
20182019,35,FLEMING,171,Fleming County,20,Ewing Elementary School,35171020,210192000396,KEDC,903,145,142,287,2,0,2,6,6,12,0,0,0,0,0,0,0,0,0,0,3,3,153,151,304
20182019,35,FLEMING,171,Fleming County,35,Fleming County High School,35171035,210192000398,KEDC,903,338,312,650,4,5,9,10,5,15,1,3,4,0,0,0,0,0,0,0,9,9,353,334,687
20182019,35,FLEMING,171,Fleming County,40,Flemingsburg Elementary School,35171040,210192000399,KEDC,903,257,223,480,5,1,6,14,16,30,0,0,0,0,0,0,0,0,0,8,5,13,284,245,529
20182019,35,FLEMING,171,Fleming County,60,Hillsboro Elementary School,35171060,210192000401,KEDC,903,71,72,143,1,0,1,0,4,4,0,0,0,0,0,0,0,0,0,4,2,6,76,78,154
20182019,35,FLEMING,171,Fleming County,30,Simons Middle School,35171030,210192000397,KEDC,903,158,137,295,2,0,2,4,5,9,0,1,1,0,0,0,0,0,0,3,9,12,167,152,319
20182019,35,FLEMING,171,Fleming County,,---District Total---,,,KEDC,903,1057,964,2021,15,6,21,36,38,74,1,4,5,0,0,0,0,0,0,16,29,45,1125,1041,2166
20182019,36,FLOYD,175,Floyd County,20,Allen Elementary School,36175020,210195000403,KVEC,904,218,231,449,4,4,8,4,3,7,1,0,1,0,0,0,0,0,0,2,2,4,229,240,469
20182019,36,FLOYD,175,Floyd County,120,Betsy Layne Elementary School,36175120,210195000407,KVEC,904,299,294,593,0,1,1,3,2,5,0,0,0,0,0,0,0,0,0,6,7,13,308,304,612
20182019,36,FLOYD,175,Floyd County,110,Betsy Layne High School,36175110,210195000406,KVEC,904,209,182,391,0,0,0,1,0,1,2,1,3,0,0,0,0,0,0,1,1,2,213,184,397
20182019,36,FLOYD,175,Floyd County,10,Duff-Allen Central Elementary,36175010,,KVEC,904,284,314,598,1,0,1,3,2,5,0,0,0,0,0,0,0,0,0,0,1,1,288,317,605
20182019,36,FLOYD,175,Floyd County,115,Floyd Central High School,36175115,,KVEC,904,335,309,644,2,1,3,1,0,1,0,0,0,0,0,0,0,0,0,1,0,1,339,310,649
20182019,36,FLOYD,175,Floyd County,440,James D. Adams Middle School,36175440,210195001670,KVEC,904,172,144,316,0,1,1,5,4,9,1,0,1,1,0,1,1,0,1,1,3,4,181,152,333
20182019,36,FLOYD,175,Floyd County,485,John M. Stumbo Elementary School,36175485,210195000415,KVEC,904,168,143,311,0,0,0,1,1,2,0,0,0,0,0,0,0,0,0,3,1,4,172,145,317
20182019,36,FLOYD,175,Floyd County,21,May Valley Elementary School,36175021,210195001426,KVEC,904,142,146,288,3,2,5,3,3,6,0,0,0,0,0,0,0,0,0,0,0,0,148,151,299
20182019,36,FLOYD,175,Floyd County,19,Prestonsburg Elementary School,36175019,210195002210,KVEC,904,340,274,614,1,2,3,8,7,15,0,0,0,0,0,0,0,0,0,3,4,7,352,287,639
20182019,36,FLOYD,175,Floyd County,850,Prestonsburg High School,36175850,210195000423,KVEC,904,270,210,480,2,0,2,2,1,3,1,1,2,0,0,0,0,0,0,0,0,0,275,212,487
20182019,36,FLOYD,175,Floyd County,30,South Floyd Elementary School,36175030,,KVEC,904,353,293,646,4,1,5,2,5,7,0,0,0,0,0,0,0,0,0,1,2,3,360,301,661
20182019,36,FLOYD,175,Floyd County,,---District Total---,,,KVEC,904,2790,2540,5330,17,12,29,33,28,61,5,2,7,1,0,1,1,0,1,18,21,39,2865,2603,5468
20182019,19,CAMPBELL,176,Fort Thomas Independent,10,Highlands High School,19176010,210204000428,NKCES,905,456,494,950,6,4,10,10,8,18,5,12,17,0,0,0,1,0,1,10,8,18,488,526,1014
20182019,19,CAMPBELL,176,Fort Thomas Independent,11,Highlands Middle School,19176011,210204001400,NKCES,905,355,305,660,8,1,9,10,11,21,5,5,10,0,0,0,0,0,0,21,14,35,399,336,735
20182019,19,CAMPBELL,176,Fort Thomas Independent,20,Johnson Elementary School,19176020,210204000429,NKCES,905,200,188,388,0,3,3,2,1,3,0,1,1,1,0,1,0,0,0,7,2,9,210,195,405
20182019,19,CAMPBELL,176,Fort Thomas Independent,30,Moyer Elementary School,19176030,210204000430,NKCES,905,228,239,467,3,4,7,9,12,21,5,10,15,0,1,1,0,0,0,10,16,26,255,282,537
20182019,19,CAMPBELL,176,Fort Thomas Independent,40,Woodfill Elementary School,19176040,210204000431,NKCES,905,170,158,328,2,2,4,5,6,11,1,1,2,0,1,1,0,0,0,13,7,20,191,175,366
20182019,19,CAMPBELL,176,Fort Thomas Independent,,---District Total---,,,NKCES,905,1409,1384,2793,19,14,33,36,38,74,16,29,45,1,2,3,1,0,1,61,47,108,1543,1514,3057
20182019,37,FRANKLIN,177,Frankfort Independent,70,Frankfort High School,37177070,210198000433,CKEC,901,81,70,151,14,21,35,1,3,4,0,1,1,0,0,0,0,0,0,14,11,25,110,106,216
20182019,37,FRANKLIN,177,Frankfort Independent,80,Panther Transition Academy,37177080,210198001524,CKEC,901,14,2,16,4,0,4,0,0,0,0,0,0,0,0,0,0,0,0,1,1,2,19,3,22
20182019,37,FRANKLIN,177,Frankfort Independent,50,Second Street School,37177050,210198000432,CKEC,901,183,175,358,53,37,90,19,16,35,0,0,0,0,0,0,0,0,0,24,29,53,279,257,536
20182019,37,FRANKLIN,177,Frankfort Independent,,---District Total---,,,CKEC,901,278,247,525,71,58,129,20,19,39,0,1,1,0,0,0,0,0,0,39,41,80,408,366,774
20182019,37,FRANKLIN,181,Franklin County,15,Bondurant Middle School,37181015,210201000435,OVEC,906,267,262,529,17,21,38,19,17,36,6,13,19,0,1,1,0,1,1,27,15,42,336,330,666
20182019,37,FRANKLIN,181,Franklin County,14,Bridgeport Elementary School,37181014,210201001990,OVEC,906,169,156,325,14,19,33,14,7,21,10,8,18,0,0,0,0,0,0,11,18,29,218,208,426
20182019,37,FRANKLIN,181,Franklin County,25,Collins Lane,37181025,210201000437,OVEC,906,173,172,345,17,11,28,29,32,61,5,9,14,1,1,2,0,0,0,17,14,31,242,239,481
20182019,37,FRANKLIN,181,Franklin County,16,Early Learning Village,37181016,210201002219,OVEC,906,98,80,178,17,17,34,14,19,33,3,5,8,2,1,3,0,0,0,14,15,29,148,137,285
20182019,37,FRANKLIN,181,Franklin County,35,Elkhorn Elementary School,37181035,210201000439,OVEC,906,142,106,248,45,41,86,33,19,52,2,2,4,0,1,1,0,0,0,15,25,40,237,194,431
20182019,37,FRANKLIN,181,Franklin County,30,Elkhorn Middle School,37181030,210201000438,OVEC,906,288,285,573,40,46,86,44,29,73,2,4,6,0,0,0,0,0,0,35,28,63,409,392,801
20182019,37,FRANKLIN,181,Franklin County,40,Franklin County High School,37181040,210201000440,OVEC,906,310,338,648,60,60,120,49,37,86,13,13,26,0,0,0,0,0,0,20,29,49,452,477,929
20182019,37,FRANKLIN,181,Franklin County,45,Hearn Elementary,37181045,210201000441,OVEC,906,145,142,287,30,36,66,15,20,35,7,8,15,1,1,2,0,0,0,27,21,48,225,228,453
20182019,37,FRANKLIN,181,Franklin County,50,Peaks Mill Elementary,37181050,210201000442,OVEC,906,178,133,311,23,26,49,8,16,24,0,2,2,0,0,0,0,0,0,14,13,27,223,190,413
20182019,37,FRANKLIN,181,Franklin County,11,The Academy,37181011,210201001917,OVEC,906,30,10,40,11,1,12,1,0,1,0,0,0,0,1,1,0,0,0,6,1,7,48,13,61
20182019,37,FRANKLIN,181,Franklin County,70,Western Hills High School,37181070,210201001420,OVEC,906,348,324,672,26,15,41,27,23,50,13,17,30,0,1,1,0,0,0,16,20,36,430,400,830
20182019,37,FRANKLIN,181,Franklin County,13,Westridge Elementary,37181013,210201001989,OVEC,906,144,176,320,10,10,20,9,7,16,5,1,6,4,1,5,0,1,1,14,10,24,186,206,392
20182019,37,FRANKLIN,181,Franklin County,,---District Total---,,,OVEC,906,2292,2184,4476,310,303,613,262,226,488,66,82,148,8,8,16,0,2,2,216,209,425,3154,3014,6168
20182019,38,FULTON,185,Fulton County,20,Fulton County Elementary,38185020,210210002113,WKEC,908,72,60,132,30,30,60,3,4,7,0,0,0,0,0,0,0,0,0,5,8,13,110,102,212
20182019,38,FULTON,185,Fulton County,30,Fulton County High School,38185030,210210000445,WKEC,908,54,49,103,28,26,54,2,2,4,1,1,2,0,0,0,0,0,0,3,1,4,88,79,167
20182019,38,FULTON,185,Fulton County,15,Fulton County Middle School,38185015,,WKEC,908,48,47,95,30,31,61,0,4,4,1,0,1,1,0,1,0,0,0,8,7,15,88,89,177
20182019,38,FULTON,185,Fulton County,,---District Total---,,,WKEC,908,174,156,330,88,87,175,5,10,15,2,1,3,1,0,1,0,0,0,16,16,32,286,270,556
20182019,38,FULTON,186,Fulton Independent,18,Fulton Independent School,38186018,210207002205,WKEC,908,72,53,125,59,61,120,4,6,10,1,2,3,0,0,0,1,0,1,24,21,45,161,143,304
20182019,38,FULTON,186,Fulton Independent,,---District Total---,,,WKEC,908,72,53,125,59,61,120,4,6,10,1,2,3,0,0,0,1,0,1,24,21,45,161,143,304
20182019,39,GALLATIN,191,Gallatin County,20,Gallatin County High School,39191020,210213000451,OVEC,906,183,198,381,0,1,1,27,22,49,1,0,1,0,0,0,0,1,1,7,4,11,218,226,444
20182019,39,GALLATIN,191,Gallatin County,10,Gallatin County Lower Elementary,39191010,210213000450,OVEC,906,146,136,282,0,2,2,23,21,44,0,0,0,1,0,1,0,0,0,6,3,9,176,162,338
20182019,39,GALLATIN,191,Gallatin County,5,Gallatin County Middle School,39191005,210213001609,OVEC,906,159,161,320,2,2,4,17,19,36,0,0,0,0,0,0,0,0,0,3,3,6,181,185,366
20182019,39,GALLATIN,191,Gallatin County,6,Gallatin County Upper Elementary,39191006,210213001850,OVEC,906,133,153,286,0,0,0,18,11,29,2,0,2,0,1,1,1,0,1,4,3,7,158,168,326
20182019,39,GALLATIN,191,Gallatin County,,---District Total---,,,OVEC,906,621,648,1269,2,5,7,85,73,158,3,0,3,1,1,2,1,1,2,20,13,33,733,741,1474
20182019,40,GARRARD,195,Garrard County,50,Camp Dick Robinson Elementary School,40195050,210216000454,SESC,907,226,225,451,0,4,4,8,3,11,0,3,3,0,0,0,0,0,0,10,7,17,244,242,486
20182019,40,GARRARD,195,Garrard County,60,Garrard County High School,40195060,210216000455,SESC,907,342,325,667,3,3,6,19,22,41,2,3,5,0,0,0,0,0,0,11,8,19,377,361,738
20182019,40,GARRARD,195,Garrard County,70,Garrard Middle School,40195070,210216001672,SESC,907,251,230,481,14,5,19,23,19,42,2,0,2,1,1,2,0,0,0,4,12,16,295,267,562
20182019,40,GARRARD,195,Garrard County,220,Lancaster Elementary School,40195220,210216000457,SESC,907,185,169,354,7,6,13,13,11,24,2,1,3,0,0,0,0,0,0,9,11,20,216,198,414
20182019,40,GARRARD,195,Garrard County,90,Paint Lick Elementary School,40195090,210216000456,SESC,907,159,120,279,2,0,2,8,11,19,0,0,0,0,0,0,0,0,0,2,4,6,171,135,306
20182019,40,GARRARD,195,Garrard County,,---District Total---,,,SESC,907,1163,1069,2232,26,18,44,71,66,137,6,7,13,1,1,2,0,0,0,36,42,78,1303,1203,2506
20182019,5,BARREN,197,Glasgow Independent,30,Glasgow High School,5197030,210222000461,GRREC,902,180,190,370,52,35,87,27,20,47,7,5,12,0,0,0,0,0,0,16,14,30,282,264,546
20182019,5,BARREN,197,Glasgow Independent,35,Glasgow Middle School,5197035,210222000402,GRREC,902,160,153,313,20,22,42,35,24,59,4,1,5,0,1,1,0,1,1,22,27,49,241,229,470
20182019,5,BARREN,197,Glasgow Independent,15,Happy Valley Learning Center,5197015,210222002101,GRREC,902,7,2,9,4,0,4,0,0,0,0,0,0,0,0,0,0,0,0,1,1,2,12,3,15
20182019,5,BARREN,197,Glasgow Independent,13,Highland Elementary School,5197013,210222001991,GRREC,902,211,199,410,32,32,64,39,28,67,1,3,4,2,1,3,2,2,4,29,30,59,316,295,611
20182019,5,BARREN,197,Glasgow Independent,65,South Green Elementary School,5197065,210222001565,GRREC,902,142,144,286,16,26,42,24,38,62,0,1,1,0,0,0,0,0,0,19,36,55,201,245,446
20182019,5,BARREN,197,Glasgow Independent,2,Success Academy,5197002,210222002215,GRREC,902,24,28,52,2,5,7,5,4,9,1,0,1,0,0,0,0,0,0,1,2,3,33,39,72
20182019,5,BARREN,197,Glasgow Independent,,---District Total---,,,GRREC,902,724,716,1440,126,120,246,130,114,244,13,10,23,2,2,4,2,3,5,88,110,198,1085,1075,2160
20182019,41,GRANT,201,Grant County,20,Crittenden-Mt. Zion Elementary,41201020,210225000465,OVEC,906,222,240,462,2,1,3,12,9,21,0,2,2,0,0,0,1,0,1,4,10,14,241,262,503
20182019,41,GRANT,201,Grant County,30,Dry Ridge Elementary,41201030,210225000466,OVEC,906,213,193,406,3,0,3,5,8,13,0,0,0,2,0,2,0,0,0,13,6,19,236,207,443
20182019,41,GRANT,201,Grant County,40,Grant County High School,41201040,210225000467,OVEC,906,477,457,934,2,1,3,25,21,46,1,3,4,0,2,2,0,0,0,10,13,23,515,497,1012
20182019,41,GRANT,201,Grant County,80,Grant County Middle School,41201080,210225000469,OVEC,906,393,419,812,3,2,5,21,21,42,0,2,2,0,0,0,0,0,0,16,13,29,433,457,890
20182019,41,GRANT,201,Grant County,50,Mason-Corinth Elementary,41201050,210225001701,OVEC,906,146,131,277,2,1,3,4,3,7,1,0,1,0,0,0,0,0,0,2,3,5,155,138,293
20182019,41,GRANT,201,Grant County,16,Sherman Elementary,41201016,210225002201,OVEC,906,159,176,335,0,2,2,19,13,32,0,0,0,0,1,1,2,0,2,6,7,13,186,199,385
20182019,41,GRANT,201,Grant County,,---District Total---,,,OVEC,906,1610,1616,3226,12,7,19,86,75,161,2,7,9,2,3,5,3,0,3,51,52,103,1766,1760,3526
20182019,42,GRAVES,205,Graves County,40,Fancy Farm Elementary School,42205040,210228000471,WKEC,908,106,67,173,0,0,0,1,1,2,0,0,0,0,0,0,0,0,0,5,9,14,112,77,189
20182019,42,GRAVES,205,Graves County,60,Farmington Elementary School,42205060,210228000473,WKEC,908,111,109,220,3,1,4,7,7,14,0,1,1,0,0,0,0,0,0,7,4,11,128,122,250
20182019,42,GRAVES,205,Graves County,12,Gateway Academy High School,42205012,210228001924,WKEC,908,20,21,41,1,1,2,1,4,5,0,0,0,0,0,0,0,0,0,2,2,4,24,28,52
20182019,42,GRAVES,205,Graves County,13,Graves County Central Elementary,42205013,210228001992,WKEC,908,173,208,381,4,1,5,19,23,42,0,3,3,0,0,0,0,0,0,14,14,28,210,249,459
20182019,42,GRAVES,205,Graves County,215,Graves County High School,42205215,210228001490,WKEC,908,527,534,1061,6,8,14,43,37,80,2,5,7,0,0,0,0,0,0,16,10,26,594,594,1188
20182019,42,GRAVES,205,Graves County,100,Graves County Middle School,42205100,210228001436,WKEC,908,261,249,510,2,3,5,20,17,37,1,1,2,0,1,1,0,0,0,15,10,25,299,281,580
20182019,42,GRAVES,205,Graves County,110,Lowes Elementary School,42205110,210228000475,WKEC,908,103,87,190,8,5,13,18,20,38,0,0,0,0,0,0,0,0,0,2,3,5,131,115,246
20182019,42,GRAVES,205,Graves County,11,Mayfield Youth Development Center,42205011,210228001754,WKEC,908,13,0,13,5,0,5,1,0,1,0,0,0,0,0,0,0,0,0,0,0,0,19,0,19
20182019,42,GRAVES,205,Graves County,150,Sedalia Elementary School,42205150,210228000477,WKEC,908,156,145,301,1,4,5,16,13,29,2,0,2,0,0,0,0,0,0,12,8,20,187,170,357
20182019,42,GRAVES,205,Graves County,170,Symsonia Elementary School,42205170,210228000479,WKEC,908,147,136,283,2,1,3,1,3,4,0,1,1,1,0,1,0,0,0,3,6,9,154,147,301
20182019,42,GRAVES,205,Graves County,200,Wingo Elementary School,42205200,210228000481,WKEC,908,190,162,352,4,4,8,9,4,13,1,1,2,0,0,0,0,0,0,9,9,18,213,180,393
20182019,42,GRAVES,205,Graves County,,---District Total---,,,WKEC,908,1807,1718,3525,36,28,64,136,129,265,6,12,18,1,1,2,0,0,0,85,75,160,2071,1963,4034
20182019,43,GRAYSON,211,Grayson County,30,Caneyville Elementary School,43211030,210230000484,GRREC,902,174,164,338,0,0,0,0,0,0,0,0,0,0,0,0,0,0,0,5,2,7,179,166,345
20182019,43,GRAYSON,211,Grayson County,80,Clarkson Elementary School,43211080,210230000485,GRREC,902,295,292,587,2,1,3,6,3,9,0,0,0,0,0,0,0,0,0,6,6,12,309,302,611
20182019,43,GRAYSON,211,Grayson County,85,Grayson County High School,43211085,210230000486,GRREC,902,634,541,1175,6,7,13,13,9,22,1,1,2,0,0,0,0,0,0,9,12,21,663,570,1233
20182019,43,GRAYSON,211,Grayson County,95,Grayson County Middle School,43211095,210230000487,GRREC,902,526,431,957,3,1,4,9,11,20,2,2,4,2,2,4,0,0,0,7,9,16,549,456,1005
20182019,43,GRAYSON,211,Grayson County,10,H W Wilkey Elementary School,43211010,210230000483,GRREC,902,207,186,393,2,3,5,8,8,16,2,1,3,0,1,1,0,0,0,3,7,10,222,206,428
20182019,43,GRAYSON,211,Grayson County,50,Oran P Lawler Elementary School,43211050,210230001702,GRREC,902,195,191,386,0,0,0,4,5,9,3,1,4,1,1,2,0,0,0,4,2,6,207,200,407
20182019,43,GRAYSON,211,Grayson County,,---District Total---,,,GRREC,902,2031,1805,3836,13,12,25,40,36,76,8,5,13,3,4,7,0,0,0,34,38,72,2129,1900,4029
20182019,44,GREEN,215,Green County,65,Green County High School,44215065,210234000490,GRREC,902,250,207,457,7,3,10,8,3,11,2,1,3,1,0,1,0,0,0,6,8,14,274,222,496
20182019,44,GREEN,215,Green County,40,Green County Intermediate School,44215040,210234002257,GRREC,902,156,179,335,5,2,7,7,4,11,1,0,1,0,0,0,0,0,0,11,5,16,180,190,370
20182019,44,GREEN,215,Green County,55,Green County Middle School,44215055,210234001526,GRREC,902,158,169,327,2,2,4,8,6,14,0,1,1,0,0,0,0,0,0,7,7,14,175,185,360
20182019,44,GREEN,215,Green County,30,Green County Primary School,44215030,210234002244,GRREC,902,179,163,342,2,2,4,4,11,15,1,0,1,0,0,0,0,0,0,6,6,12,192,182,374
20182019,44,GREEN,215,Green County,,---District Total---,,,GRREC,902,743,718,1461,16,9,25,27,24,51,4,2,6,1,0,1,0,0,0,30,26,56,821,779,1600
20182019,45,GREENUP,221,Greenup County,10,Argillite Elementary School,45221010,210240000493,KEDC,903,117,100,217,3,2,5,2,3,5,0,0,0,0,1,1,0,0,0,1,2,3,123,108,231
20182019,45,GREENUP,221,Greenup County,27,Greenup County High School,45221027,210240000496,KEDC,903,392,339,731,4,3,7,5,5,10,0,2,2,2,2,4,0,0,0,3,4,7,406,355,761
20182019,45,GREENUP,221,Greenup County,40,Greysbranch Elementary School,45221040,210240000497,KEDC,903,172,160,332,2,2,4,2,0,2,1,0,1,0,0,0,0,0,0,3,2,5,180,164,344
20182019,45,GREENUP,221,Greenup County,60,Mckell Elementary School,45221060,210240000499,KEDC,903,231,206,437,1,0,1,3,5,8,0,0,0,0,1,1,0,0,0,6,5,11,241,217,458
20182019,45,GREENUP,221,Greenup County,105,Mckell Middle School,45221105,210240001611,KEDC,903,181,166,347,0,0,0,3,3,6,1,0,1,0,1,1,0,0,0,5,1,6,190,171,361
20182019,45,GREENUP,221,Greenup County,110,Wurtland Elementary School,45221110,210240000504,KEDC,903,107,85,192,1,5,6,3,2,5,0,0,0,0,0,0,0,0,0,3,2,5,114,94,208
20182019,45,GREENUP,221,Greenup County,24,Wurtland Middle School,45221024,210240001610,KEDC,903,166,152,318,0,1,1,0,2,2,0,0,0,0,0,0,0,0,0,2,4,6,168,159,327
20182019,45,GREENUP,221,Greenup County,,---District Total---,,,KEDC,903,1366,1208,2574,11,13,24,18,20,38,2,2,4,2,5,7,0,0,0,23,20,43,1422,1268,2690
20182019,46,HANCOCK,225,Hancock County,5,Hancock County High School,46225005,210246000507,GRREC,902,249,203,452,3,2,5,7,7,14,4,5,9,0,0,0,1,0,1,8,5,13,272,222,494
20182019,46,HANCOCK,225,Hancock County,7,Hancock County Middle School,46225007,210246000508,GRREC,902,199,163,362,1,0,1,3,5,8,0,1,1,0,0,0,0,0,0,6,7,13,209,176,385
20182019,46,HANCOCK,225,Hancock County,6,North Hancock Elementary School,46225006,210246001993,GRREC,902,237,198,435,4,1,5,6,9,15,0,3,3,0,0,0,0,1,1,7,9,16,254,221,475
20182019,46,HANCOCK,225,Hancock County,70,South Hancock Elementary School,46225070,210246000511,GRREC,902,109,107,216,1,2,3,0,2,2,0,1,1,0,0,0,0,0,0,2,0,2,112,112,224
20182019,46,HANCOCK,225,Hancock County,,---District Total---,,,GRREC,902,794,671,1465,9,5,14,16,23,39,4,10,14,0,0,0,1,1,2,23,21,44,847,731,1578
20182019,47,HARDIN,231,Hardin County,15,Bluegrass Middle School,47231015,210249001673,GRREC,902,167,146,313,50,45,95,26,25,51,10,4,14,0,1,1,1,5,6,28,34,62,282,260,542
20182019,47,HARDIN,231,Hardin County,30,Cecilia Valley Elementary School,47231030,210249000514,GRREC,902,138,131,269,2,2,4,11,6,17,0,0,0,0,0,0,0,0,0,11,6,17,162,145,307
20182019,47,HARDIN,231,Hardin County,190,Central Hardin High School,47231190,210249000528,GRREC,902,798,735,1533,36,31,67,38,46,84,9,13,22,2,3,5,4,2,6,23,32,55,910,862,1772
20182019,47,HARDIN,231,Hardin County,25,College View Campus,47231025,,GRREC,902,92,76,168,55,23,78,10,7,17,0,2,2,1,1,2,0,3,3,11,8,19,169,120,289
20182019,47,HARDIN,231,Hardin County,185,Communicare ARC,47231185,,GRREC,902,2,1,3,0,0,0,0,0,0,0,0,0,0,0,0,0,0,0,1,0,1,3,1,4
20182019,47,HARDIN,231,Hardin County,17,Creekside Elementary School,47231017,210249001994,GRREC,902,184,178,362,6,4,10,7,4,11,0,1,1,1,1,2,0,0,0,12,8,20,210,196,406
20182019,47,HARDIN,231,Hardin County,976,Crossroads Treatment Center,47231976,210249002269,GRREC,902,11,0,11,2,0,2,1,0,1,0,0,0,0,0,0,0,0,0,0,0,0,14,0,14
20182019,47,HARDIN,231,Hardin County,5,East Hardin Middle School,47231005,210249000512,GRREC,902,340,360,700,6,11,17,22,16,38,2,1,3,1,1,2,0,1,1,15,16,31,386,406,792
20182019,47,HARDIN,231,Hardin County,20,G C Burkhead Elementary School,47231020,210249000513,GRREC,902,251,249,500,31,34,65,31,40,71,9,6,15,0,1,1,0,0,0,23,35,58,345,365,710
20182019,47,HARDIN,231,Hardin County,180,Hardin County Day Treatment Center,47231180,210249000656,GRREC,902,7,3,10,1,0,1,0,1,1,0,0,0,0,0,0,0,0,0,4,0,4,12,4,16
20182019,47,HARDIN,231,Hardin County,18,Heartland Elementary School,47231018,210249002209,GRREC,902,201,178,379,22,35,57,18,24,42,12,10,22,0,0,0,1,1,2,25,26,51,279,274,553
20182019,47,HARDIN,231,Hardin County,77,James T Alton Middle School,47231077,210249000518,GRREC,902,227,218,445,59,54,113,37,38,75,4,6,10,0,2,2,3,2,5,32,28,60,362,348,710
20182019,47,HARDIN,231,Hardin County,13,John Hardin High School,47231013,210249001910,GRREC,902,243,222,465,106,84,190,39,45,84,9,11,20,2,1,3,1,2,3,32,30,62,432,395,827
20182019,47,HARDIN,231,Hardin County,14,Lakewood Elementary School,47231014,210249001963,GRREC,902,226,198,424,6,2,8,11,6,17,2,2,4,2,0,2,0,1,1,6,10,16,253,219,472
20182019,47,HARDIN,231,Hardin County,979,Lincoln Trail Behavioral Health Systems,47231979,210249002249,GRREC,902,0,28,28,0,2,2,0,1,1,0,0,0,0,0,0,0,0,0,0,0,0,0,31,31
20182019,47,HARDIN,231,Hardin County,50,Lincoln Trail Elementary School,47231050,210249000515,GRREC,902,243,185,428,2,6,8,6,7,13,2,5,7,0,3,3,0,1,1,9,25,34,262,232,494
20182019,47,HARDIN,231,Hardin County,210,Meadow View Elementary School,47231210,210249001566,GRREC,902,105,82,187,71,85,156,24,38,62,3,1,4,1,1,2,4,3,7,40,35,75,248,245,493
20182019,47,HARDIN,231,Hardin County,40,New Highland Elementary School,47231040,210249001446,GRREC,902,113,116,229,31,42,73,23,26,49,4,7,11,4,0,4,2,2,4,24,27,51,201,220,421
20182019,47,HARDIN,231,Hardin County,75,North Hardin High School,47231075,210249000517,GRREC,902,376,408,784,211,199,410,81,63,144,22,14,36,1,3,4,14,11,25,61,70,131,766,768,1534
20182019,47,HARDIN,231,Hardin County,80,North Middle School,47231080,210249000520,GRREC,902,155,127,282,82,94,176,38,38,76,6,2,8,0,0,0,4,3,7,41,46,87,326,310,636
20182019,47,HARDIN,231,Hardin County,21,North Park Elementary School,47231021,210249002297,GRREC,902,87,97,184,45,48,93,25,25,50,1,1,2,1,0,1,3,0,3,33,29,62,195,200,395
20182019,47,HARDIN,231,Hardin County,79,Radcliff Elementary School,47231079,210249000519,GRREC,902,107,96,203,56,52,108,33,27,60,1,3,4,0,1,1,3,4,7,30,40,70,230,223,453
20182019,47,HARDIN,231,Hardin County,90,Rineyville Elementary School,47231090,210249000521,GRREC,902,219,228,447,14,16,30,12,14,26,1,2,3,0,0,0,1,1,2,26,23,49,273,284,557
20182019,47,HARDIN,231,Hardin County,982,Spectrum Care Academy,47231982,210249002248,GRREC,902,17,0,17,1,0,1,0,0,0,0,0,0,0,0,0,0,0,0,0,0,0,18,0,18
20182019,47,HARDIN,231,Hardin County,165,Vine Grove Elementary School,47231165,210249000524,GRREC,902,163,166,329,21,28,49,20,19,39,3,3,6,0,0,0,2,4,6,40,22,62,249,242,491
20182019,47,HARDIN,231,Hardin County,168,West Hardin Middle School,47231168,210249000525,GRREC,902,235,248,483,16,9,25,10,12,22,2,3,5,0,0,0,0,1,1,18,12,30,281,285,566
20182019,47,HARDIN,231,Hardin County,8,Woodland Elementary School,47231008,210249001471,GRREC,902,115,104,219,100,67,167,42,37,79,4,1,5,0,0,0,1,0,1,44,39,83,306,248,554
20182019,47,HARDIN,231,Hardin County,,---District Total---,,,GRREC,902,4822,4580,9402,1032,973,2005,565,565,1130,106,98,204,16,19,35,44,47,91,589,601,1190,7174,6883,14057
20182019,48,HARLAN,235,Harlan County,60,Black Mountain Elementary School,48235060,210254000532,SESC,907,143,157,300,3,3,6,1,2,3,0,0,0,0,0,0,0,0,0,3,4,7,150,166,316
20182019,48,HARLAN,235,Harlan County,110,Cawood Elementary School,48235110,210254000534,SESC,907,111,119,230,0,0,0,0,2,2,0,0,0,0,0,0,0,0,0,0,0,0,111,121,232
20182019,48,HARLAN,235,Harlan County,195,Cumberland Elementary School,48235195,210254000091,SESC,907,234,238,472,8,7,15,5,8,13,0,0,0,0,0,0,0,0,0,6,4,10,253,257,510
20182019,48,HARLAN,235,Harlan County,290,Evarts Elementary School,48235290,210254000539,SESC,907,182,177,359,3,3,6,5,7,12,0,0,0,0,0,0,0,0,0,1,3,4,191,190,381
20182019,48,HARLAN,235,Harlan County,325,Green Hills Elementary School,48235325,210254000540,SESC,907,63,63,126,0,0,0,0,0,0,0,0,0,0,0,0,0,0,0,3,1,4,66,64,130
20182019,48,HARLAN,235,Harlan County,25,Harlan County High School,48235025,210254002213,SESC,907,496,448,944,12,11,23,8,4,12,0,1,1,0,0,0,0,0,0,3,2,5,519,466,985
20182019,48,HARLAN,235,Harlan County,340,James A. Cawood Elementary,48235340,210254000541,SESC,907,186,149,335,7,6,13,4,4,8,0,0,0,0,0,0,0,0,0,2,0,2,199,159,358
20182019,48,HARLAN,235,Harlan County,540,Rosspoint Elementary School,48235540,210254000545,SESC,907,206,195,401,1,0,1,1,0,1,0,0,0,0,1,1,0,0,0,0,6,6,208,202,410
20182019,48,HARLAN,235,Harlan County,640,Wallins Elementary School,48235640,210254000549,SESC,907,191,201,392,0,0,0,4,2,6,0,0,0,0,0,0,0,0,0,0,0,0,195,203,398
20182019,48,HARLAN,235,Harlan County,,---District Total---,,,SESC,907,1812,1747,3559,34,30,64,28,29,57,0,1,1,0,1,1,0,0,0,18,20,38,1892,1828,3720
20182019,48,HARLAN,236,Harlan Independent,20,Harlan Elementary School,48236020,210252000551,SESC,907,111,125,236,3,5,8,3,0,3,0,1,1,0,0,0,0,0,0,6,11,17,123,142,265
20182019,48,HARLAN,236,Harlan Independent,30,Harlan High School,48236030,210252000552,SESC,907,173,157,330,15,8,23,3,4,7,3,5,8,0,0,0,0,0,0,6,8,14,200,182,382
20182019,48,HARLAN,236,Harlan Independent,,---District Total---,,,SESC,907,284,282,566,18,13,31,6,4,10,3,6,9,0,0,0,0,0,0,12,19,31,323,324,647
20182019,49,HARRISON,241,Harrison County,35,Eastside Elementary School,49241035,210258000553,CKEC,901,167,139,306,1,1,2,3,7,10,1,2,3,0,0,0,0,0,0,5,6,11,177,155,332
20182019,49,HARRISON,241,Harrison County,40,Harrison County High School,49241040,210258000555,CKEC,901,425,368,793,10,7,17,12,13,25,2,1,3,0,1,1,0,0,0,4,4,8,453,394,847
20182019,49,HARRISON,241,Harrison County,37,Harrison County Learning Center,49241037,210258001995,CKEC,901,28,21,49,0,0,0,2,1,3,0,0,0,0,0,0,1,0,1,0,0,0,31,22,53
20182019,49,HARRISON,241,Harrison County,43,Harrison County Middle School,49241043,210258000556,CKEC,901,325,293,618,4,1,5,14,13,27,0,0,0,1,1,2,0,0,0,10,5,15,354,313,667
20182019,49,HARRISON,241,Harrison County,45,Northside Elementary School,49241045,210258000557,CKEC,901,144,137,281,4,2,6,7,9,16,0,0,0,1,0,1,0,0,0,8,5,13,164,153,317
20182019,49,HARRISON,241,Harrison County,38,Southside Elementary School,49241038,210258000554,CKEC,901,125,138,263,1,1,2,10,8,18,0,2,2,0,0,0,0,0,0,10,9,19,146,158,304
20182019,49,HARRISON,241,Harrison County,75,Westside Elementary School,49241075,210258000558,CKEC,901,139,143,282,3,3,6,4,9,13,2,0,2,0,0,0,0,0,0,3,4,7,151,159,310
20182019,49,HARRISON,241,Harrison County,,---District Total---,,,CKEC,901,1353,1239,2592,23,15,38,52,60,112,5,5,10,2,2,4,1,0,1,40,33,73,1476,1354,2830
20182019,50,HART,245,Hart County,10,Bonnieville Elementary School,50245010,210264000562,GRREC,902,136,125,261,2,0,2,2,3,5,0,0,0,0,0,0,0,0,0,1,0,1,141,128,269
20182019,50,HART,245,Hart County,30,Cub Run Elementary School,50245030,210264000563,GRREC,902,98,99,197,0,0,0,2,2,4,0,0,0,0,0,0,0,0,0,0,5,5,100,106,206
20182019,50,HART,245,Hart County,45,Hart County High School,50245045,210264000564,GRREC,902,299,320,619,8,8,16,4,7,11,0,0,0,0,0,0,0,0,0,2,5,7,313,340,653
20182019,50,HART,245,Hart County,50,Legrande Elementary School,50245050,210264000565,GRREC,902,128,135,263,1,1,2,2,5,7,0,0,0,0,0,0,0,0,0,3,3,6,134,144,278
20182019,50,HART,245,Hart County,70,Memorial Elementary School,50245070,210264000566,GRREC,902,148,148,296,0,1,1,1,8,9,0,0,0,0,0,0,0,1,1,4,2,6,153,160,313
20182019,50,HART,245,Hart County,90,Munfordville Elementary School,50245090,210264000567,GRREC,902,210,192,402,11,10,21,12,18,30,0,0,0,1,0,1,0,0,0,9,8,17,243,228,471
20182019,50,HART,245,Hart County,,---District Total---,,,GRREC,902,1019,1019,2038,22,20,42,23,43,66,0,0,0,1,0,1,0,1,1,19,23,42,1084,1106,2190
20182019,97,PERRY,246,Hazard Independent,10,Hazard High School,97246010,210267000568,KVEC,904,143,147,290,8,10,18,0,3,3,5,3,8,0,0,0,0,0,0,6,9,15,162,172,334
20182019,97,PERRY,246,Hazard Independent,45,Hazard Middle School,97246045,210267000569,KVEC,904,119,105,224,7,8,15,0,1,1,1,3,4,0,2,2,0,0,0,7,6,13,134,125,259
20182019,97,PERRY,246,Hazard Independent,60,Roy G. Eversole Elementary School,97246060,210267000570,KVEC,904,168,149,317,9,7,16,3,3,6,0,4,4,0,0,0,0,1,1,11,3,14,191,167,358
20182019,97,PERRY,246,Hazard Independent,,---District Total---,,,KVEC,904,430,401,831,24,25,49,3,7,10,6,10,16,0,2,2,0,1,1,24,18,42,487,464,951
20182019,51,HENDERSON,251,Henderson County,30,A B Chandler Elementary School,51251030,210271000573,WKEC,908,148,114,262,8,6,14,8,5,13,1,0,1,0,0,0,0,0,0,15,10,25,180,135,315
20182019,51,HENDERSON,251,Henderson County,10,Bend Gate Elementary School,51251010,210271000571,WKEC,908,140,151,291,39,25,64,20,11,31,3,5,8,0,0,0,1,5,6,35,22,57,238,219,457
20182019,51,HENDERSON,251,Henderson County,20,Cairo Elementary School,51251020,210271000572,WKEC,908,117,140,257,3,4,7,2,2,4,1,1,2,0,0,0,0,0,0,15,12,27,138,159,297
20182019,51,HENDERSON,251,Henderson County,33,East Heights Elementary School,51251033,210271000574,WKEC,908,168,169,337,21,15,36,10,12,22,2,0,2,0,0,0,0,0,0,22,26,48,223,222,445
20182019,51,HENDERSON,251,Henderson County,60,Henderson County High School,51251060,210271000577,WKEC,908,764,800,1564,76,93,169,52,41,93,3,7,10,0,0,0,4,4,8,52,59,111,951,1004,1955
20182019,51,HENDERSON,251,Henderson County,65,Henderson County North Middle School,51251065,210271000578,WKEC,908,315,355,670,27,27,54,18,15,33,0,0,0,1,1,2,4,1,5,26,24,50,391,423,814
20182019,51,HENDERSON,251,Henderson County,150,Henderson County South Middle School,51251150,210271000585,WKEC,908,305,278,583,44,37,81,22,26,48,2,2,4,0,1,1,4,2,6,34,26,60,411,372,783
20182019,51,HENDERSON,251,Henderson County,160,Jefferson Elementary School,51251160,210271000586,WKEC,908,102,88,190,20,17,37,28,29,57,2,4,6,0,0,0,2,2,4,30,15,45,184,155,339
20182019,51,HENDERSON,251,Henderson County,70,Niagara Elementary School,51251070,210271000579,WKEC,908,115,160,275,0,1,1,1,2,3,0,0,0,0,0,0,1,0,1,6,6,12,123,169,292
20182019,51,HENDERSON,251,Henderson County,91,South Heights Elementary School,51251091,210271000581,WKEC,908,166,124,290,43,41,84,23,25,48,0,0,0,0,0,0,2,2,4,40,29,69,274,221,495
20182019,51,HENDERSON,251,Henderson County,110,Spottsville Elementary School,51251110,210271000583,WKEC,908,247,242,489,11,9,20,4,9,13,0,0,0,2,0,2,1,1,2,7,13,20,272,274,546
20182019,51,HENDERSON,251,Henderson County,15,The Central Academy,51251015,,WKEC,908,87,82,169,13,12,25,1,3,4,0,0,0,0,0,0,0,0,0,12,4,16,113,101,214
20182019,51,HENDERSON,251,Henderson County,,---District Total---,,,WKEC,908,2674,2703,5377,305,287,592,189,180,369,14,19,33,3,2,5,19,17,36,294,246,540,3498,3454,6952
20182019,52,HENRY,255,Henry County,10,Campbellsburg Elementary School,52255010,210276000588,OVEC,906,166,143,309,2,0,2,5,6,11,0,1,1,0,1,1,0,0,0,3,3,6,176,154,330
20182019,52,HENRY,255,Henry County,20,Eastern Elementary School,52255020,210276000589,OVEC,906,87,96,183,0,0,0,4,7,11,0,0,0,0,0,0,0,0,0,3,5,8,94,108,202
20182019,52,HENRY,255,Henry County,35,Henry County High School,52255035,210276000590,OVEC,906,306,309,615,8,4,12,19,13,32,1,2,3,0,2,2,0,0,0,6,5,11,340,335,675
20182019,52,HENRY,255,Henry County,38,Henry County Middle School,52255038,210276000591,OVEC,906,242,197,439,4,2,6,13,7,20,1,0,1,1,0,1,0,0,0,8,4,12,269,210,479
20182019,52,HENRY,255,Henry County,40,New Castle Elementary School,52255040,210276000592,OVEC,906,177,149,326,1,3,4,5,10,15,0,0,0,0,1,1,0,0,0,6,12,18,189,175,364
20182019,52,HENRY,255,Henry County,,---District Total---,,,OVEC,906,978,894,1872,15,9,24,46,43,89,2,3,5,1,4,5,0,0,0,26,29,55,1068,982,2050
20182019,53,HICKMAN,261,Hickman County,20,Hickman County Elementary School,53261020,210279000593,WKEC,908,135,153,288,16,11,27,7,9,16,0,1,1,0,0,0,0,0,0,20,9,29,178,183,361
20182019,53,HICKMAN,261,Hickman County,50,Hickman County High School,53261050,210279000594,WKEC,908,128,129,257,11,18,29,7,6,13,0,0,0,0,0,0,0,0,0,9,10,19,155,163,318
20182019,53,HICKMAN,261,Hickman County,,---District Total---,,,WKEC,908,263,282,545,27,29,56,14,15,29,0,1,1,0,0,0,0,0,0,29,19,48,333,346,679
20182019,54,HOPKINS,265,Hopkins County,140,Browning Springs Middle School,54265140,210286000601,WKEC,908,160,177,337,31,33,64,14,16,30,0,3,3,0,0,0,0,0,0,18,26,44,223,255,478
20182019,54,HOPKINS,265,Hopkins County,330,Earlington Elementary School,54265330,210286000614,WKEC,908,136,117,253,9,9,18,12,12,24,0,0,0,0,0,0,0,0,0,10,10,20,167,148,315
20182019,54,HOPKINS,265,Hopkins County,90,Grapevine Elementary School,54265090,210286000598,WKEC,908,112,116,228,20,12,32,15,17,32,0,0,0,0,0,0,1,0,1,16,15,31,164,160,324
20182019,54,HOPKINS,265,Hopkins County,110,Hanson Elementary School,54265110,210286000600,WKEC,908,240,228,468,16,10,26,3,5,8,1,4,5,0,0,0,0,0,0,16,12,28,276,259,535
20182019,54,HOPKINS,265,Hopkins County,130,Hopkins County Central High School,54265130,210286001473,WKEC,908,373,308,681,23,31,54,28,13,41,1,3,4,1,1,2,0,1,1,15,12,27,441,369,810
20182019,54,HOPKINS,265,Hopkins County,5,Hopkins County Day Treatment,54265005,210286001586,WKEC,908,4,4,8,3,2,5,2,0,2,0,0,0,0,0,0,0,0,0,2,2,4,11,8,19
20182019,54,HOPKINS,265,Hopkins County,4,Hopkins County Schools Academy,54265004,210286002280,WKEC,908,41,38,79,5,6,11,4,4,8,0,0,0,0,0,0,0,0,0,3,0,3,53,48,101
20182019,54,HOPKINS,265,Hopkins County,75,James Madison Middle School,54265075,210286000681,WKEC,908,224,212,436,24,28,52,8,10,18,4,2,6,0,0,0,2,2,4,22,18,40,284,272,556
20182019,54,HOPKINS,265,Hopkins County,20,Jesse Stuart Elementary School,54265020,210286000673,WKEC,908,126,150,276,31,22,53,6,4,10,0,5,5,0,0,0,0,3,3,15,20,35,178,204,382
20182019,54,HOPKINS,265,Hopkins County,145,Madisonville North Hopkins High School,54265145,210286000602,WKEC,908,417,371,788,55,53,108,23,17,40,2,9,11,0,1,1,2,1,3,20,27,47,519,479,998
20182019,54,HOPKINS,265,Hopkins County,200,Pride Elementary School,54265200,210286000606,WKEC,908,133,135,268,30,37,67,11,9,20,0,2,2,1,1,2,0,0,0,24,23,47,199,207,406
20182019,54,HOPKINS,265,Hopkins County,185,South Hopkins Middle School,54265185,210286001499,WKEC,908,155,176,331,16,6,22,8,12,20,0,1,1,1,0,1,0,0,0,12,13,25,192,208,400
20182019,54,HOPKINS,265,Hopkins County,280,Southside Elementary School,54265280,210286000474,WKEC,908,202,177,379,1,0,1,3,2,5,0,2,2,0,0,0,1,0,1,15,9,24,222,190,412
20182019,54,HOPKINS,265,Hopkins County,250,West Broadway Elementary School,54265250,210286000611,WKEC,908,129,119,248,22,17,39,10,8,18,1,2,3,0,0,0,0,0,0,15,17,32,177,163,340
20182019,54,HOPKINS,265,Hopkins County,6,West Hopkins School,54265006,210286001472,WKEC,908,206,166,372,1,0,1,5,3,8,0,0,0,0,1,1,0,0,0,2,5,7,214,175,389
20182019,1,ADAIR,1,Adair County,16,Adair County Elementary School,1001016,210003002021,GRREC,902,280,276,556,4,2,6,20,17,37,0,2,2,0,0,0,0,0,0,12,11,23,316,308,624
20182019,1,ADAIR,1,Adair County,10,Adair County High School,1001010,210003000001,GRREC,902,370,347,717,9,6,15,14,10,24,1,0,1,1,1,2,0,0,0,12,8,20,407,372,779
20182019,1,ADAIR,1,Adair County,14,Adair County Middle School,1001014,210003001919,GRREC,902,287,247,534,5,10,15,17,13,30,3,0,3,0,0,0,0,0,0,12,14,26,324,284,608
20182019,1,ADAIR,1,Adair County,20,Adair County Primary Center,1001020,210003002345,GRREC,902,258,215,473,6,1,7,13,17,30,1,0,1,0,0,0,0,0,0,18,9,27,296,242,538
20182019,1,ADAIR,1,Adair County,12,Adair Learning Academy,1001012,210003001913,GRREC,902,14,1,15,7,0,7,0,0,0,0,0,0,0,0,0,0,0,0,1,0,1,22,1,23
20182019,1,ADAIR,1,Adair County,,---District Total---,,,GRREC,902,1209,1086,2295,31,19,50,64,57,121,5,2,7,1,1,2,0,0,0,55,42,97,1365,1207,2572
20182019,2,ALLEN,5,Allen County,60,Allen County Intermediate Center,2005060,210007000013,GRREC,902,300,344,644,1,2,3,25,13,38,1,3,4,1,1,2,0,0,0,12,4,16,340,367,707
20182019,2,ALLEN,5,Allen County,10,Allen County Primary Center,2005010,210007000008,GRREC,902,434,396,830,5,4,9,14,21,35,4,1,5,1,0,1,0,0,0,20,9,29,478,431,909
20182019,2,ALLEN,5,Allen County,20,Allen County-Scottsville High School,2005020,210007000010,GRREC,902,416,390,806,2,4,6,17,9,26,2,1,3,0,0,0,0,0,0,6,11,17,443,415,858
20182019,2,ALLEN,5,Allen County,15,James E Bazzell Middle School,2005015,210007000009,GRREC,902,220,204,424,3,3,6,11,10,21,0,3,3,0,0,0,1,0,1,6,6,12,241,226,467
20182019,2,ALLEN,5,Allen County,,---District Total---,,,GRREC,902,1370,1334,2704,11,13,24,67,53,120,7,8,15,2,1,3,1,0,1,44,30,74,1502,1439,2941
20182019,56,JEFFERSON,6,Anchorage Independent,10,Anchorage Independent Public School,56006010,210009000014,OVEC,906,180,150,330,1,2,3,6,6,12,9,10,19,0,0,0,0,0,0,4,6,10,200,174,374
20182019,56,JEFFERSON,6,Anchorage Independent,,---District Total---,,,OVEC,906,180,150,330,1,2,3,6,6,12,9,10,19,0,0,0,0,0,0,4,6,10,200,174,374
20182019,3,ANDERSON,11,Anderson County,30,APEX Academy,3011030,210012002371,CKEC,901,39,32,71,0,2,2,1,3,4,0,0,0,1,0,1,0,0,0,0,2,2,41,39,80
20182019,3,ANDERSON,11,Anderson County,20,Anderson County High School,3011020,210012000016,CKEC,901,492,451,943,10,8,18,12,13,25,1,8,9,1,1,2,0,1,1,23,25,48,539,507,1046
20182019,3,ANDERSON,11,Anderson County,25,Anderson County Middle School,3011025,210012000017,CKEC,901,392,393,785,6,4,10,21,14,35,2,4,6,0,0,0,0,1,1,17,13,30,438,429,867
20182019,3,ANDERSON,11,Anderson County,110,Emma B. Ward Elementary School,3011110,210012000021,CKEC,901,216,165,381,3,3,6,2,3,5,4,2,6,0,0,0,0,0,0,8,11,19,233,184,417
20182019,3,ANDERSON,11,Anderson County,120,Ezra Sparrow Early Childhood Center,3011120,210012001298,CKEC,901,100,81,181,0,3,3,1,1,2,0,0,0,0,0,0,0,0,0,6,4,10,107,89,196
20182019,3,ANDERSON,11,Anderson County,22,Robert B. Turner Elementary School,3011022,210012001955,CKEC,901,248,244,492,0,3,3,5,4,9,2,0,2,0,0,0,0,0,0,8,16,24,263,267,530
20182019,3,ANDERSON,11,Anderson County,50,Saffell Street Elementary School,3011050,210012000018,CKEC,901,187,160,347,7,6,13,19,13,32,0,0,0,0,0,0,0,0,0,13,13,26,226,192,418
20182019,3,ANDERSON,11,Anderson County,,---District Total---,,,CKEC,901,1674,1526,3200,26,29,55,61,51,112,9,14,23,2,1,3,0,2,2,75,84,159,1847,1707,3554
20182019,10,BOYD,12,Ashland Independent,50,Ashland Middle School,10012050,210015000023,KEDC,903,313,308,621,18,11,29,13,15,28,2,5,7,0,0,0,0,0,0,21,19,40,367,358,725
20182019,10,BOYD,12,Ashland Independent,130,Charles Russell Elementary School,10012130,210015000031,KEDC,903,96,102,198,3,8,11,6,2,8,1,0,1,0,1,1,0,0,0,7,11,18,113,124,237
20182019,10,BOYD,12,Ashland Independent,70,Crabbe Elementary School,10012070,210015000025,KEDC,903,104,85,189,8,13,21,9,10,19,0,0,0,0,0,0,0,0,0,11,14,25,132,122,254
20182019,10,BOYD,12,Ashland Independent,80,Hager Elementary School,10012080,210015000026,KEDC,903,149,175,324,3,3,6,4,6,10,3,2,5,0,0,0,0,0,0,12,10,22,171,196,367
20182019,10,BOYD,12,Ashland Independent,100,Oakview Elementary School,10012100,210015000028,KEDC,903,152,129,281,7,3,10,2,2,4,0,0,0,0,0,0,0,0,0,5,10,15,166,144,310
20182019,10,BOYD,12,Ashland Independent,10,Paul G. Blazer High School,10012010,210015000022,KEDC,903,411,397,808,18,18,36,16,7,23,2,3,5,1,0,1,0,0,0,17,17,34,465,442,907
20182019,10,BOYD,12,Ashland Independent,110,Poage Elementary School,10012110,210015000029,KEDC,903,121,105,226,10,8,18,3,3,6,1,1,2,0,0,0,0,0,0,7,7,14,142,124,266
20182019,10,BOYD,12,Ashland Independent,,---District Total---,,,KEDC,903,1346,1301,2647,67,64,131,53,45,98,9,11,20,1,1,2,0,0,0,80,88,168,1556,1510,3066
20182019,12,BRACKEN,13,Augusta Independent,11,Augusta Independent School,12013011,210018001968,KEDC,903,137,128,265,2,2,4,5,0,5,0,0,0,0,0,0,0,0,0,2,1,3,146,131,277
20182019,12,BRACKEN,13,Augusta Independent,,---District Total---,,,KEDC,903,137,128,265,2,2,4,5,0,5,0,0,0,0,0,0,0,0,0,2,1,3,146,131,277
20182019,4,BALLARD,15,Ballard County,50,Ballard County Elementary School,4015050,210021000356,WKEC,908,253,216,469,5,4,9,3,4,7,0,1,1,0,0,0,0,0,0,16,12,28,277,237,514
20182019,4,BALLARD,15,Ballard County,5,Ballard County Middle School,4015005,210021000035,WKEC,908,90,106,196,4,2,6,1,0,1,1,0,1,0,1,1,0,0,0,7,2,9,103,111,214
20182019,4,BALLARD,15,Ballard County,10,Ballard Memorial High School,4015010,210021000036,WKEC,908,192,143,335,6,4,10,2,5,7,1,2,3,1,1,2,0,0,0,9,3,12,211,158,369
20182019,4,BALLARD,15,Ballard County,,---District Total---,,,WKEC,908,535,465,1000,15,10,25,6,9,15,2,3,5,1,2,3,0,0,0,32,17,49,591,506,1097
20182019,61,KNOX,16,Barbourville Independent,11,Barbourville City School,61016011,210024001969,SESC,907,301,299,600,2,11,13,1,2,3,1,2,3,0,0,0,0,0,0,3,6,9,308,320,628
20182019,61,KNOX,16,Barbourville Independent,,---District Total---,,,SESC,907,301,299,600,2,11,13,1,2,3,1,2,3,0,0,0,0,0,0,3,6,9,308,320,628
20182019,90,NELSON,17,Bardstown Independent,5,Bardstown Alternative School,90017005,210027002359,CKEC,901,16,12,28,3,2,5,1,1,2,0,0,0,0,0,0,0,0,0,3,1,4,23,16,39
20182019,90,NELSON,17,Bardstown Independent,10,Bardstown Elementary School,90017010,210027000044,CKEC,901,219,197,416,33,30,63,23,16,39,7,5,12,0,1,1,0,0,0,40,35,75,322,284,606
20182019,90,NELSON,17,Bardstown Independent,20,Bardstown High School,90017020,210027000045,CKEC,901,231,190,421,52,59,111,20,23,43,3,4,7,2,0,2,0,0,0,24,18,42,332,294,626
20182019,90,NELSON,17,Bardstown Independent,30,Bardstown Middle School,90017030,210027000046,CKEC,901,199,192,391,39,35,74,22,24,46,8,6,14,1,0,1,0,0,0,19,31,50,288,288,576
20182019,90,NELSON,17,Bardstown Independent,12,Bardstown Primary School,90017012,210027002050,CKEC,901,209,200,409,33,39,72,30,17,47,3,2,5,0,0,0,0,0,0,32,42,74,307,300,607
20182019,90,NELSON,17,Bardstown Independent,,---District Total---,,,CKEC,901,874,791,1665,160,165,325,96,81,177,21,17,38,3,1,4,0,0,0,118,127,245,1272,1182,2454
20182019,5,BARREN,21,Barren County,10,Austin Tracy Elementary School,5021010,210030000047,GRREC,902,110,105,215,0,1,1,3,5,8,0,0,0,0,0,0,0,0,0,3,8,11,116,119,235
20182019,5,BARREN,21,Barren County,12,BAVEL,5021012,210030001970,GRREC,902,68,146,214,3,6,9,3,4,7,0,4,4,0,0,0,0,0,0,4,12,16,78,172,250
20182019,5,BARREN,21,Barren County,27,Barren County High School,5021027,210030000048,GRREC,902,532,604,1136,13,7,20,21,23,44,2,1,3,1,1,2,1,1,2,14,16,30,584,653,1237
20182019,5,BARREN,21,Barren County,50,Barren County Middle School,5021050,210030000607,GRREC,902,369,349,718,3,5,8,19,14,33,2,2,4,0,1,1,1,0,1,2,13,15,396,384,780
20182019,5,BARREN,21,Barren County,11,College Street Campus,5021011,210030001303,GRREC,902,38,29,67,3,3,6,2,1,3,0,0,0,0,0,0,0,0,0,1,1,2,44,34,78
20182019,5,BARREN,21,Barren County,35,Eastern Elementary School,5021035,210030000049,GRREC,902,154,171,325,3,1,4,8,4,12,1,0,1,0,0,0,1,0,1,0,1,1,167,177,344
20182019,5,BARREN,21,Barren County,80,Hiseville Elementary School,5021080,210030000050,GRREC,902,98,99,197,0,1,1,4,3,7,0,0,0,0,0,0,0,0,0,2,8,10,104,111,215
20182019,5,BARREN,21,Barren County,14,North Jackson Elementary,5021014,210030002232,GRREC,902,230,235,465,2,4,6,10,9,19,3,0,3,0,0,0,0,0,0,6,7,13,251,255,506
20182019,5,BARREN,21,Barren County,130,Park City Elementary School,5021130,210030000051,GRREC,902,168,152,320,6,5,11,12,19,31,1,0,1,0,0,0,0,0,0,16,10,26,203,186,389
20182019,5,BARREN,21,Barren County,150,Red Cross Elementary School,5021150,210030000052,GRREC,902,264,244,508,3,5,8,13,19,32,0,1,1,0,0,0,0,0,0,18,16,34,298,285,583
20182019,5,BARREN,21,Barren County,180,Temple Hill Elementary School,5021180,210030000053,GRREC,902,117,116,233,2,0,2,17,10,27,0,0,0,0,0,0,0,0,0,1,7,8,137,133,270
20182019,5,BARREN,21,Barren County,,---District Total---,,,GRREC,902,2148,2250,4398,38,38,76,112,111,223,9,8,17,1,2,3,3,1,4,67,99,166,2378,2509,4887
20182019,6,BATH,25,Bath County,40,Bath County High School,6025040,210033000057,KEDC,903,269,253,522,1,3,4,7,5,12,1,0,1,0,0,0,0,0,0,0,4,4,278,265,543
20182019,6,BATH,25,Bath County,20,Bath County Middle School,6025020,210033001606,KEDC,903,220,218,438,1,2,3,10,10,20,0,2,2,0,0,0,0,0,0,4,3,7,235,235,470
20182019,6,BATH,25,Bath County,14,Crossroads Elementary School,6025014,210033002223,KEDC,903,220,174,394,1,2,3,3,2,5,0,0,0,0,0,0,0,0,0,1,3,4,225,181,406
20182019,6,BATH,25,Bath County,30,Owingsville Elementary School,6025030,210033000056,KEDC,903,246,211,457,2,0,2,8,2,10,0,0,0,0,0,0,0,1,1,2,6,8,258,220,478
20182019,6,BATH,25,Bath County,12,Second Chance Academy,6025012,210033002335,KEDC,903,4,2,6,0,0,0,0,0,0,0,0,0,0,0,0,0,0,0,0,0,0,4,2,6
20182019,6,BATH,25,Bath County,,---District Total---,,,KEDC,903,959,858,1817,5,7,12,28,19,47,1,2,3,0,0,0,0,1,1,7,16,23,1000,903,1903
20182019,59,KENTON,26,Beechwood Independent,10,Beechwood Elementary School,59026010,210036000059,NKCES,905,309,294,603,3,3,6,27,25,52,8,6,14,0,0,0,0,1,1,12,11,23,359,340,699
20182019,59,KENTON,26,Beechwood Independent,20,Beechwood High School,59026020,210036000060,NKCES,905,322,253,575,0,0,0,21,15,36,7,10,17,4,1,5,0,0,0,5,9,14,359,288,647
20182019,59,KENTON,26,Beechwood Independent,420,Guardian Angel,59026420,210036002409,NKCES,905,24,8,32,0,0,0,1,0,1,0,0,0,0,0,0,0,0,0,4,1,5,29,9,38
20182019,59,KENTON,26,Beechwood Independent,,---District Total---,,,NKCES,905,655,555,1210,3,3,6,49,40,89,15,16,31,4,1,5,0,1,1,21,21,42,747,637,1384
20182019,7,BELL,31,Bell County,12,Bell Central School Center,7031012,210039001881,SESC,907,241,241,482,0,0,0,3,1,4,0,0,0,1,0,1,0,0,0,3,0,3,248,242,490
20182019,7,BELL,31,Bell County,340,Bell County Alternative School,7031340,210039000002,SESC,907,16,20,36,0,0,0,0,0,0,0,0,0,0,0,0,0,0,0,0,0,0,16,20,36
20182019,7,BELL,31,Bell County,40,Bell County High School,7031040,210039000062,SESC,907,355,307,662,4,0,4,4,2,6,1,0,1,1,0,1,1,0,1,1,2,3,367,311,678
20182019,7,BELL,31,Bell County,180,Frakes School Center,7031180,210039000067,SESC,907,60,52,112,2,1,3,0,1,1,0,0,0,0,0,0,0,0,0,1,0,1,63,54,117
20182019,7,BELL,31,Bell County,250,Lone Jack School Center,7031250,210039000068,SESC,907,72,65,137,1,1,2,1,1,2,0,0,0,0,0,0,0,0,0,0,1,1,74,68,142
20182019,7,BELL,31,Bell County,13,Page School Center,7031013,210039001882,SESC,907,152,147,299,0,0,0,1,1,2,0,0,0,0,0,0,0,0,0,0,2,2,153,150,303
20182019,7,BELL,31,Bell County,345,Right Fork School Center,7031345,210039000072,SESC,907,76,82,158,1,1,2,0,0,0,0,0,0,0,0,0,0,0,0,0,0,0,77,83,160
20182019,7,BELL,31,Bell County,390,Yellow Creek School Center,7031390,210039000074,SESC,907,279,323,602,2,1,3,2,1,3,1,0,1,1,0,1,1,0,1,2,3,5,288,328,616
20182019,7,BELL,31,Bell County,,---District Total---,,,SESC,907,1251,1237,2488,10,4,14,11,7,18,2,0,2,3,0,3,2,0,2,7,8,15,1286,1256,2542
20182019,19,CAMPBELL,32,Bellevue Independent,10,Bellevue High School,19032010,210042000075,NKCES,905,151,129,280,2,5,7,12,10,22,0,1,1,0,0,0,1,2,3,18,11,29,184,158,342
20182019,19,CAMPBELL,32,Bellevue Independent,20,Grandview Elementary School,19032020,210042000076,NKCES,905,117,99,216,3,5,8,5,6,11,0,1,1,0,0,0,0,1,1,7,8,15,132,120,252
20182019,19,CAMPBELL,32,Bellevue Independent,,---District Total---,,,NKCES,905,268,228,496,5,10,15,17,16,33,0,2,2,0,0,0,1,3,4,25,19,44,316,278,594
20182019,73,MADISON,34,Berea Independent,10,Berea Community Elementary School,73034010,210048000077,SESC,907,203,214,417,12,5,17,30,14,44,1,1,2,0,0,0,0,0,0,10,9,19,256,243,499
20182019,73,MADISON,34,Berea Independent,20,Berea Community High School,73034020,210048000078,SESC,907,117,134,251,10,5,15,12,8,20,1,2,3,0,0,0,0,0,0,4,2,6,144,151,295
20182019,73,MADISON,34,Berea Independent,15,Berea Community Middle School,73034015,210048001658,SESC,907,122,131,253,3,5,8,11,5,16,0,1,1,0,0,0,0,0,0,6,3,9,142,145,287
20182019,73,MADISON,34,Berea Independent,,---District Total---,,,SESC,907,442,479,921,25,15,40,53,27,80,2,4,6,0,0,0,0,0,0,20,14,34,542,539,1081
20182019,8,BOONE,35,Boone County,5,A M Yealey Elementary School,8035005,210051000079,NKCES,905,212,206,418,9,11,20,18,15,33,6,10,16,0,0,0,5,3,8,20,11,31,270,256,526
20182019,8,BOONE,35,Boone County,25,Ballyshannon Middle School,8035025,,NKCES,905,227,261,488,10,12,22,19,7,26,2,8,10,0,1,1,1,0,1,17,18,35,276,307,583
20182019,8,BOONE,35,Boone County,170,Boone County Alternative Center,8035170,210051002266,NKCES,905,156,95,251,10,6,16,20,5,25,1,0,1,0,0,0,1,0,1,9,1,10,197,107,304
20182019,8,BOONE,35,Boone County,30,Boone County High School,8035030,210051000081,NKCES,905,506,448,954,66,41,107,85,86,171,12,10,22,0,1,1,4,3,7,27,38,65,700,627,1327
20182019,8,BOONE,35,Boone County,40,Burlington Elementary School,8035040,210051000082,NKCES,905,309,330,639,28,22,50,14,14,28,2,4,6,2,0,2,1,1,2,16,25,41,372,396,768
20182019,8,BOONE,35,Boone County,10,Camp Ernst Middle School,8035010,210051001971,NKCES,905,325,314,639,27,11,38,13,19,32,6,4,10,1,1,2,2,1,3,17,17,34,391,367,758
20182019,8,BOONE,35,Boone County,41,Charles H. Kelly Elementary School,8035041,210051001519,NKCES,905,111,106,217,1,2,3,6,4,10,0,1,1,0,0,0,0,0,0,4,2,6,122,115,237
20182019,8,BOONE,35,Boone County,55,Chester Goodridge Elementary School,8035055,210051000086,NKCES,905,275,294,569,9,7,16,22,35,57,2,3,5,0,0,0,4,1,5,19,23,42,331,363,694
20182019,8,BOONE,35,Boone County,45,Conner High School,8035045,210051000084,NKCES,905,615,648,1263,27,22,49,26,25,51,19,16,35,0,0,0,2,1,3,16,17,33,705,729,1434
20182019,8,BOONE,35,Boone County,43,Conner Middle School,8035043,210051000083,NKCES,905,404,420,824,13,9,22,23,18,41,12,13,25,1,0,1,0,0,0,15,20,35,468,480,948
20182019,8,BOONE,35,Boone County,6,Erpenbeck Elementary School,8035006,210051001710,NKCES,905,264,251,515,12,18,30,19,21,40,36,26,62,0,0,0,1,0,1,22,12,34,354,328,682
20182019,8,BOONE,35,Boone County,50,Florence Elementary School,8035050,210051000085,NKCES,905,143,145,288,49,37,86,53,52,105,4,2,6,0,0,0,8,3,11,12,16,28,269,255,524
20182019,8,BOONE,35,Boone County,75,Gray Middle School,8035075,210051000638,NKCES,905,465,427,892,12,4,16,43,34,77,11,11,22,0,1,1,1,2,3,9,10,19,541,489,1030
20182019,8,BOONE,35,Boone County,65,Hillard Collins Elementary School,8035065,210051001608,NKCES,905,189,168,357,62,61,123,116,93,209,2,1,3,0,0,0,0,0,0,35,29,64,404,352,756
20182019,8,BOONE,35,Boone County,14,Imagineering Academy,8035014,,NKCES,905,22,7,29,1,1,2,2,0,2,0,0,0,0,0,0,0,0,0,4,0,4,29,8,37
20182019,8,BOONE,35,Boone County,71,Larry A. Ryle High School,8035071,210051000011,NKCES,905,790,760,1550,35,48,83,85,85,170,28,37,65,1,0,1,0,0,0,29,29,58,968,959,1927
20182019,8,BOONE,35,Boone County,17,Longbranch Elementary School,8035017,210051002245,NKCES,905,355,350,705,7,14,21,13,15,28,7,6,13,0,0,0,0,4,4,22,21,43,404,410,814
20182019,8,BOONE,35,Boone County,80,New Haven Elementary School,8035080,210051000088,NKCES,905,433,350,783,8,12,20,39,29,68,10,10,20,0,1,1,0,0,0,14,13,27,504,415,919
20182019,8,BOONE,35,Boone County,8,North Pointe Elementary School,8035008,210051001883,NKCES,905,211,181,392,13,4,17,8,18,26,7,7,14,0,0,0,1,3,4,5,7,12,245,220,465
20182019,8,BOONE,35,Boone County,81,Ockerman Elementary School,8035081,210051000089,NKCES,905,227,219,446,23,17,40,87,85,172,6,6,12,0,0,0,1,1,2,15,15,30,359,343,702
20182019,8,BOONE,35,Boone County,85,Ockerman Middle School,8035085,210051000090,NKCES,905,293,229,522,12,10,22,31,31,62,10,12,22,2,0,2,4,1,5,20,11,31,372,294,666
20182019,8,BOONE,35,Boone County,15,Randall K. Cooper High School,8035015,210051002206,NKCES,905,623,581,1204,37,29,66,15,14,29,17,12,29,1,0,1,4,0,4,21,17,38,718,653,1371
20182019,8,BOONE,35,Boone County,20,Rector A. Jones Middle School,8035020,210051000080,NKCES,905,210,184,394,59,54,113,101,98,199,4,2,6,0,0,0,5,6,11,31,29,60,410,373,783
20182019,8,BOONE,35,Boone County,11,Shirley Mann Elementary School,8035011,210051002022,NKCES,905,363,347,710,4,8,12,12,12,24,16,23,39,1,0,1,0,0,0,11,10,21,407,400,807
20182019,8,BOONE,35,Boone County,83,Stephens Elementary School,8035083,210051001695,NKCES,905,242,223,465,16,4,20,18,21,39,2,3,5,0,0,0,1,2,3,19,17,36,298,270,568
20182019,8,BOONE,35,Boone County,12,Thornwilde Elementary School,8035012,210051002290,NKCES,905,270,271,541,19,14,33,18,15,33,4,6,10,0,0,0,0,0,0,25,18,43,336,324,660
20182019,8,BOONE,35,Boone County,,---District Total---,,,NKCES,905,8240,7815,16055,569,478,1047,906,851,1757,226,233,459,9,5,14,46,32,78,454,426,880,10450,9840,20290
20182019,9,BOURBON,41,Bourbon County,10,Bourbon Central Elementary School,9041010,210054001576,CKEC,901,208,180,388,9,6,15,66,45,111,1,0,1,0,0,0,0,0,0,27,12,39,311,243,554
20182019,9,BOURBON,41,Bourbon County,110,Bourbon County High School,9041110,210054000098,CKEC,901,319,323,642,19,7,26,49,37,86,3,3,6,0,0,0,0,0,0,10,5,15,400,375,775
20182019,9,BOURBON,41,Bourbon County,120,Bourbon County Middle School,9041120,210054000099,CKEC,901,243,262,505,9,3,12,63,51,114,1,0,1,0,0,0,0,0,0,6,8,14,322,324,646
20182019,9,BOURBON,41,Bourbon County,30,Cane Ridge Elementary School,9041030,210054000024,CKEC,901,204,197,401,5,5,10,33,26,59,0,1,1,0,0,0,0,0,0,4,7,11,246,236,482
20182019,9,BOURBON,41,Bourbon County,90,North Middletown Elementary School,9041090,210054000096,CKEC,901,68,55,123,0,0,0,13,12,25,0,0,0,0,0,0,0,0,0,3,1,4,84,68,152
20182019,9,BOURBON,41,Bourbon County,,---District Total---,,,CKEC,901,1042,1017,2059,42,21,63,224,171,395,5,4,9,0,0,0,0,0,0,50,33,83,1363,1246,2609
20182019,114,WARREN,42,Bowling Green Independent,70,Bowling Green High School,114042070,210057000105,GRREC,902,328,339,667,114,132,246,108,93,201,33,44,77,0,0,0,2,3,5,16,18,34,601,629,1230
20182019,114,WARREN,42,Bowling Green Independent,65,Bowling Green Junior High,114042065,210057000104,GRREC,902,273,229,502,104,81,185,81,81,162,25,24,49,1,2,3,2,4,6,27,22,49,513,443,956
20182019,114,WARREN,42,Bowling Green Independent,98,Bowling Green Learning Center,114042098,210057001696,GRREC,902,20,6,26,9,4,13,15,6,21,0,0,0,0,0,0,1,0,1,3,0,3,48,16,64
20182019,114,WARREN,42,Bowling Green Independent,11,Childrens Crisis Stabilization Unit,114042011,210057001830,GRREC,902,4,4,8,0,2,2,0,0,0,0,0,0,0,0,0,0,0,0,0,0,0,4,6,10
20182019,114,WARREN,42,Bowling Green Independent,10,Dishman McGinnis Elementary School,114042010,210057000100,GRREC,902,79,68,147,71,60,131,85,88,173,13,12,25,2,1,3,3,2,5,9,11,20,262,242,504
20182019,114,WARREN,42,Bowling Green Independent,57,Parker-Bennett-Curry School,114042057,210057000102,GRREC,902,24,30,54,75,51,126,39,49,88,6,5,11,1,2,3,0,0,0,9,13,22,154,150,304
20182019,114,WARREN,42,Bowling Green Independent,60,Potter Gray Elementary,114042060,210057000103,GRREC,902,155,181,336,10,17,27,4,2,6,9,3,12,1,0,1,1,1,2,11,11,22,191,215,406
20182019,114,WARREN,42,Bowling Green Independent,80,T C Cherry Elementary School,114042080,210057000106,GRREC,902,64,74,138,24,21,45,20,14,34,5,1,6,0,0,0,2,3,5,13,17,30,128,130,258
20182019,114,WARREN,42,Bowling Green Independent,90,W R McNeill Elementary School,114042090,210057000107,GRREC,902,123,140,263,24,32,56,11,16,27,11,18,29,3,2,5,1,1,2,13,20,33,186,229,415
20182019,114,WARREN,42,Bowling Green Independent,13,Warren Regional Juvenile Detention Ctr,114042013,210057001911,GRREC,902,13,1,14,4,0,4,3,0,3,0,0,0,0,0,0,0,0,0,2,0,2,22,1,23
20182019,114,WARREN,42,Bowling Green Independent,,---District Total---,,,GRREC,902,1083,1072,2155,435,400,835,366,349,715,102,107,209,8,7,15,12,14,26,103,112,215,2109,2061,4170
20182019,10,BOYD,45,Boyd County,45,Boyd County Central School,10045045,,KEDC,903,6,8,14,0,0,0,0,2,2,0,0,0,0,0,0,0,0,0,1,0,1,7,10,17
20182019,10,BOYD,45,Boyd County,10,Boyd County High School,10045010,210062000108,KEDC,903,453,337,790,1,2,3,2,6,8,3,1,4,0,0,0,0,0,0,5,5,10,464,351,815
20182019,10,BOYD,45,Boyd County,35,Boyd County Middle School,10045035,210062000112,KEDC,903,326,332,658,0,1,1,2,6,8,1,0,1,1,0,1,0,5,5,7,7,14,337,351,688
20182019,10,BOYD,45,Boyd County,20,Cannonsburg Elementary School,10045020,210062000109,KEDC,903,145,132,277,1,0,1,3,9,12,2,0,2,1,0,1,0,1,1,0,4,4,152,146,298
20182019,10,BOYD,45,Boyd County,95,Catlettsburg Elementary School,10045095,210062000118,KEDC,903,101,108,209,0,0,0,6,1,7,3,1,4,0,1,1,0,0,0,9,4,13,119,115,234
20182019,10,BOYD,45,Boyd County,97,Ponderosa Elementary School,10045097,210062000030,KEDC,903,167,174,341,1,0,1,0,0,0,0,0,0,0,0,0,0,0,0,4,4,8,172,178,350
20182019,10,BOYD,45,Boyd County,85,Ramey-Estep High School,10045085,210062000640,KEDC,903,45,13,58,8,5,13,3,0,3,0,0,0,0,0,0,0,0,0,5,0,5,61,18,79
20182019,10,BOYD,45,Boyd County,80,Summit Elementary School,10045080,210062000117,KEDC,903,221,223,444,1,0,1,2,4,6,0,0,0,1,0,1,1,1,2,10,9,19,236,237,473
20182019,10,BOYD,45,Boyd County,,---District Total---,,,KEDC,903,1464,1327,2791,12,8,20,18,28,46,9,2,11,3,1,4,1,7,8,41,33,74,1548,1406,2954
20182019,11,BOYLE,51,Boyle County,4,Boyle County Day Treatment,11051004,210063001713,CKEC,901,16,1,17,0,0,0,2,1,3,0,0,0,0,0,0,0,0,0,0,2,2,18,4,22
20182019,11,BOYLE,51,Boyle County,5,Boyle County High School,11051005,210063000120,CKEC,901,415,374,789,7,6,13,9,14,23,9,5,14,1,0,1,0,0,0,11,4,15,452,403,855
20182019,11,BOYLE,51,Boyle County,3,Boyle County Middle School,11051003,210063000119,CKEC,901,284,289,573,7,3,10,12,11,23,5,6,11,0,2,2,0,0,0,8,12,20,316,323,639
20182019,11,BOYLE,51,Boyle County,40,Junction City Elementary School,11051040,210063000121,CKEC,901,159,129,288,3,4,7,10,11,21,1,0,1,0,0,0,0,0,0,9,4,13,182,148,330
20182019,11,BOYLE,51,Boyle County,80,Perryville Elementary School,11051080,210063000124,CKEC,901,116,106,222,2,1,3,4,5,9,0,0,0,1,0,1,0,0,0,7,3,10,130,115,245
20182019,11,BOYLE,51,Boyle County,50,Woodlawn Elementary School,11051050,210063000122,CKEC,901,247,220,467,5,6,11,8,7,15,6,3,9,1,1,2,0,0,0,13,8,21,280,245,525
20182019,11,BOYLE,51,Boyle County,,---District Total---,,,CKEC,901,1237,1119,2356,24,20,44,45,49,94,21,14,35,3,3,6,0,0,0,48,33,81,1378,1238,2616
20182019,12,BRACKEN,55,Bracken County,10,Bracken County High School,12055010,210066000125,NKCES,905,194,178,372,0,0,0,7,4,11,1,0,1,0,0,0,0,0,0,2,4,6,204,186,390
20182019,12,BRACKEN,55,Bracken County,60,Bracken County Middle School,12055060,210066001560,NKCES,905,148,128,276,0,0,0,7,0,7,0,0,0,0,0,0,0,0,0,5,3,8,160,131,291
20182019,12,BRACKEN,55,Bracken County,50,Taylor Elementary School,12055050,210066000128,NKCES,905,292,230,522,0,0,0,3,4,7,0,0,0,0,0,0,0,0,0,10,8,18,305,242,547
20182019,12,BRACKEN,55,Bracken County,,---District Total---,,,NKCES,905,634,536,1170,0,0,0,17,8,25,1,0,1,0,0,0,0,0,0,17,15,32,669,559,1228
20182019,13,BREATHITT,61,Breathitt County,33,Breathitt County Day Treatment,13061033,210069001842,KVEC,904,13,4,17,2,0,2,1,0,1,0,0,0,0,0,0,0,0,0,1,0,1,17,4,21
20182019,13,BREATHITT,61,Breathitt County,60,Breathitt County High School,13061060,210069000129,KVEC,904,449,352,801,4,1,5,2,3,5,0,1,1,0,1,1,0,0,0,1,0,1,456,358,814
20182019,13,BREATHITT,61,Breathitt County,31,Breathitt Regional Juvenile Det Ctr,13061031,210069001623,KVEC,904,14,2,16,5,0,5,1,2,3,0,0,0,0,0,0,0,0,0,0,0,0,20,4,24
20182019,13,BREATHITT,61,Breathitt County,30,Highland-Turner Elementary School,13061030,210069001659,KVEC,904,103,77,180,0,0,0,0,0,0,0,0,0,0,1,1,0,0,0,0,1,1,103,79,182
20182019,13,BREATHITT,61,Breathitt County,185,Marie Roberts-Caney Elementary School,13061185,210069000133,KVEC,904,133,115,248,0,0,0,4,4,8,0,0,0,0,0,0,0,0,0,0,0,0,137,119,256
20182019,13,BREATHITT,61,Breathitt County,150,Sebastian Elementary School,13061150,210069000132,KVEC,904,252,216,468,0,0,0,0,1,1,0,2,2,0,0,0,0,0,0,0,0,0,252,219,471
20182019,13,BREATHITT,61,Breathitt County,,---District Total---,,,KVEC,904,964,766,1730,11,1,12,8,10,18,0,3,3,0,2,2,0,0,0,2,1,3,985,783,1768
20182019,14,BRECKINRIDGE,65,Breckinridge County,30,Ben Johnson Elementary School,14065030,210072000139,GRREC,902,121,97,218,0,1,1,0,2,2,1,0,1,0,2,2,0,0,0,4,4,8,126,106,232
20182019,14,BRECKINRIDGE,65,Breckinridge County,10,Breckinridge County High School,14065010,210072000137,GRREC,902,412,352,764,13,6,19,11,10,21,3,3,6,0,1,1,0,0,0,17,10,27,456,382,838
20182019,14,BRECKINRIDGE,65,Breckinridge County,100,Breckinridge County Middle School,14065100,210072001304,GRREC,902,278,272,550,8,8,16,7,6,13,0,0,0,1,2,3,0,0,0,5,11,16,299,299,598
20182019,14,BRECKINRIDGE,65,Breckinridge County,40,Custer Elementary School,14065040,210072000140,GRREC,902,86,75,161,1,0,1,4,5,9,0,0,0,0,0,0,0,0,0,5,0,5,96,80,176
20182019,14,BRECKINRIDGE,65,Breckinridge County,20,Hardinsburg Elementary School,14065020,210072000138,GRREC,902,192,147,339,2,7,9,8,4,12,4,1,5,0,1,1,0,0,0,10,11,21,216,171,387
20182019,14,BRECKINRIDGE,65,Breckinridge County,50,Irvington Elementary School,14065050,210072000141,GRREC,902,142,134,276,2,9,11,7,3,10,0,1,1,2,1,3,0,1,1,12,11,23,165,160,325
20182019,14,BRECKINRIDGE,65,Breckinridge County,,---District Total---,,,GRREC,902,1231,1077,2308,26,31,57,37,30,67,8,5,13,3,7,10,0,1,1,53,47,100,1358,1198,2556
20182019,15,BULLITT,71,Bullitt County,5,Bernheim Middle School,15071005,210075000414,OVEC,906,197,219,416,0,2,2,6,2,8,0,0,0,1,0,1,0,0,0,5,4,9,209,227,436
20182019,15,BULLITT,71,Bullitt County,10,Brooks Elementary School,15071010,210075000144,OVEC,906,183,178,361,2,7,9,20,13,33,3,0,3,0,1,1,0,0,0,6,13,19,214,212,426
20182019,15,BULLITT,71,Bullitt County,120,Bullitt Alternative Center,15071120,210075000929,OVEC,906,32,5,37,0,1,1,2,1,3,0,0,0,0,0,0,0,0,0,4,0,4,38,7,45
20182019,15,BULLITT,71,Bullitt County,15,Bullitt Central High School,15071015,210075000145,OVEC,906,668,630,1298,5,4,9,20,14,34,7,2,9,2,2,4,1,0,1,20,10,30,723,662,1385
20182019,15,BULLITT,71,Bullitt County,16,Bullitt East High School,15071016,210075001409,OVEC,906,712,675,1387,7,6,13,19,13,32,4,8,12,1,4,5,1,0,1,14,12,26,758,718,1476
20182019,15,BULLITT,71,Bullitt County,18,Bullitt Lick Middle School,15071018,210075001410,OVEC,906,230,252,482,5,0,5,14,5,19,0,1,1,2,1,3,0,0,0,12,8,20,263,267,530
20182019,15,BULLITT,71,Bullitt County,20,Cedar Grove Elementary,15071020,210075000146,OVEC,906,235,204,439,0,2,2,8,4,12,2,2,4,1,0,1,0,0,0,3,12,15,249,224,473
20182019,15,BULLITT,71,Bullitt County,60,Crossroads Elementary,15071060,210075002286,OVEC,906,208,207,415,4,3,7,14,8,22,5,1,6,1,1,2,0,0,0,17,11,28,249,231,480
20182019,15,BULLITT,71,Bullitt County,9,Eastside Middle School,15071009,210075001975,OVEC,906,313,289,602,6,1,7,3,3,6,1,3,4,1,1,2,0,0,0,10,8,18,334,305,639
20182019,15,BULLITT,71,Bullitt County,6,Freedom Elementary School,15071006,210075001958,OVEC,906,227,172,399,5,3,8,7,9,16,2,4,6,0,1,1,0,0,0,6,10,16,247,199,446
20182019,15,BULLITT,71,Bullitt County,25,Hebron Middle School,15071025,210075000147,OVEC,906,221,206,427,5,3,8,18,13,31,5,5,10,1,0,1,0,0,0,4,9,13,254,236,490
20182019,15,BULLITT,71,Bullitt County,30,Lebanon Junction Elementary,15071030,210075000148,OVEC,906,175,174,349,0,0,0,4,7,11,0,0,0,1,0,1,0,1,1,7,9,16,187,191,378
20182019,15,BULLITT,71,Bullitt County,55,MT. Washington Elementary,15071055,210075000151,OVEC,906,281,268,549,5,1,6,4,8,12,1,0,1,0,0,0,0,0,0,8,12,20,299,289,588
20182019,15,BULLITT,71,Bullitt County,50,MT. Washington Middle School,15071050,210075000150,OVEC,906,218,207,425,3,4,7,8,9,17,2,1,3,0,0,0,0,0,0,5,12,17,236,233,469
20182019,15,BULLITT,71,Bullitt County,45,Maryville Elementary School,15071045,210075000149,OVEC,906,157,124,281,3,1,4,11,9,20,1,0,1,0,0,0,0,0,0,11,8,19,183,142,325
20182019,15,BULLITT,71,Bullitt County,70,Nichols Elementary,15071070,210075000153,OVEC,906,65,53,118,0,0,0,5,5,10,0,0,0,0,1,1,0,0,0,2,1,3,72,60,132
20182019,15,BULLITT,71,Bullitt County,75,North Bullitt High School,15071075,210075000154,OVEC,906,557,504,1061,14,8,22,28,26,54,7,5,12,1,0,1,0,0,0,13,14,27,620,557,1177
20182019,15,BULLITT,71,Bullitt County,78,Old Mill Elementary School,15071078,210075001578,OVEC,906,234,215,449,1,2,3,3,5,8,4,4,8,0,0,0,0,0,0,10,4,14,252,230,482
20182019,15,BULLITT,71,Bullitt County,80,Overdale Elementary School,15071080,210075000155,OVEC,906,149,150,299,5,3,8,18,11,29,3,4,7,0,1,1,0,0,0,13,10,23,188,179,367
20182019,15,BULLITT,71,Bullitt County,65,Pleasant Grove Elementary School,15071065,210075001305,OVEC,906,322,250,572,0,1,1,6,4,10,2,5,7,0,0,0,0,0,0,1,0,1,331,260,591
20182019,15,BULLITT,71,Bullitt County,110,Riverview Opportunity Center,15071110,210075000157,OVEC,906,98,65,163,0,1,1,3,1,4,1,3,4,1,0,1,1,0,1,1,0,1,105,70,175
20182019,15,BULLITT,71,Bullitt County,90,Roby Elementary School,15071090,210075000156,OVEC,906,192,209,401,5,2,7,12,4,16,1,3,4,0,0,0,0,0,0,8,10,18,218,228,446
20182019,15,BULLITT,71,Bullitt County,8,Shepherdsville Elementary,15071008,210075001974,OVEC,906,238,217,455,3,3,6,11,7,18,1,0,1,0,1,1,1,0,1,12,11,23,266,239,505
20182019,15,BULLITT,71,Bullitt County,32,Spring Meadows,15071032,210075002169,OVEC,906,11,0,11,4,0,4,0,0,0,0,0,0,0,0,0,0,0,0,1,0,1,16,0,16
20182019,15,BULLITT,71,Bullitt County,7,Zoneton Middle School,15071007,210075001973,OVEC,906,203,179,382,3,4,7,14,10,24,1,1,2,2,1,3,0,0,0,2,12,14,225,207,432
20182019,15,BULLITT,71,Bullitt County,,---District Total---,,,OVEC,906,6126,5652,11778,85,62,147,258,191,449,53,52,105,15,15,30,4,1,5,195,200,395,6736,6173,12909
20182019,84,MERCER,72,Burgin Independent,30,Burgin Independent School,84072030,210078002407,CKEC,901,236,205,441,1,1,2,3,9,12,1,2,3,1,0,1,0,0,0,13,10,23,255,227,482
20182019,84,MERCER,72,Burgin Independent,,---District Total---,,,CKEC,901,236,205,441,1,1,2,3,9,12,1,2,3,1,0,1,0,0,0,13,10,23,255,227,482
20182019,16,BUTLER,75,Butler County,30,Butler County High School,16075030,210081000160,GRREC,902,282,305,587,0,2,2,44,16,60,1,1,2,1,0,1,0,0,0,4,7,11,332,331,663
20182019,16,BUTLER,75,Butler County,32,Butler County Learning Center,16075032,210081001977,GRREC,902,18,6,24,0,0,0,1,0,1,0,0,0,0,0,0,0,0,0,0,0,0,19,6,25
20182019,16,BUTLER,75,Butler County,35,Butler County Middle School,16075035,210081001697,GRREC,902,225,197,422,0,0,0,22,17,39,2,2,4,0,0,0,0,0,0,2,5,7,251,221,472
20182019,16,BUTLER,75,Butler County,110,Green River School,16075110,210081000163,GRREC,902,4,0,4,9,0,9,1,0,1,0,0,0,0,0,0,0,0,0,3,0,3,17,0,17
20182019,16,BUTLER,75,Butler County,120,Morgantown Elementary School,16075120,210081000164,GRREC,902,266,226,492,0,5,5,48,48,96,2,0,2,0,0,0,0,0,0,4,4,8,320,283,603
20182019,16,BUTLER,75,Butler County,31,North Butler Elementary,16075031,210081001976,GRREC,902,198,179,377,1,0,1,2,2,4,1,0,1,0,0,0,0,0,0,1,5,6,203,186,389
20182019,16,BUTLER,75,Butler County,,---District Total---,,,GRREC,902,993,913,1906,10,7,17,118,83,201,6,3,9,1,0,1,0,0,0,14,21,35,1142,1027,2169
20182019,17,CALDWELL,81,Caldwell County,70,Caldwell County Elementary School,17081070,210084000170,WKEC,908,189,183,372,13,21,34,4,8,12,0,0,0,0,0,0,0,0,0,18,14,32,224,226,450
20182019,17,CALDWELL,81,Caldwell County,10,Caldwell County High School,17081010,210084000166,WKEC,908,222,245,467,20,27,47,8,5,13,2,1,3,0,0,0,0,0,0,11,10,21,263,288,551
20182019,17,CALDWELL,81,Caldwell County,20,Caldwell County Middle School,17081020,210084000167,WKEC,908,204,180,384,17,10,27,8,0,8,2,0,2,0,0,0,0,0,0,7,9,16,238,199,437
20182019,17,CALDWELL,81,Caldwell County,30,Caldwell County Primary School,17081030,210084001660,WKEC,908,182,171,353,16,11,27,6,1,7,0,2,2,0,0,0,0,0,0,11,14,25,215,199,414
20182019,17,CALDWELL,81,Caldwell County,,---District Total---,,,WKEC,908,797,779,1576,66,69,135,26,14,40,4,3,7,0,0,0,0,0,0,47,47,94,940,912,1852
20182019,18,CALLOWAY,85,Calloway County,96,Calloway County Alternative Program,18085096,210087002370,WKEC,908,12,15,27,0,0,0,0,1,1,0,0,0,0,0,0,0,0,0,1,1,2,13,17,30
20182019,18,CALLOWAY,85,Calloway County,95,Calloway County Day Treatment,18085095,210087002366,WKEC,908,12,8,20,0,0,0,1,0,1,0,0,0,0,0,0,0,0,0,1,0,1,14,8,22
20182019,18,CALLOWAY,85,Calloway County,20,Calloway County High School,18085020,210087000171,WKEC,908,414,335,749,4,3,7,18,20,38,2,0,2,0,0,0,0,0,0,10,15,25,448,373,821
20182019,18,CALLOWAY,85,Calloway County,55,Calloway County Middle School,18085055,210087001411,WKEC,908,304,295,599,7,4,11,15,20,35,3,1,4,0,0,0,1,0,1,14,17,31,344,337,681
20182019,18,CALLOWAY,85,Calloway County,25,East Calloway Elementary School,18085025,210087000172,WKEC,908,134,132,266,3,0,3,10,11,21,1,0,1,0,0,0,0,0,0,7,7,14,155,150,305
20182019,18,CALLOWAY,85,Calloway County,35,North Calloway Elementary School,18085035,210087000173,WKEC,908,245,210,455,7,6,13,24,28,52,0,4,4,0,0,0,0,0,0,12,14,26,288,262,550
20182019,18,CALLOWAY,85,Calloway County,45,Southwest Calloway Elementary School,18085045,210087000174,WKEC,908,207,212,419,1,1,2,5,8,13,1,2,3,0,0,0,0,0,0,5,4,9,219,227,446
20182019,18,CALLOWAY,85,Calloway County,,---District Total---,,,WKEC,908,1328,1207,2535,22,14,36,73,88,161,7,7,14,0,0,0,1,0,1,50,58,108,1481,1374,2855
20182019,19,CAMPBELL,91,Campbell County,16,Alexandria Educational Center,19091016,210090001398,NKCES,905,17,18,35,3,1,4,0,1,1,0,0,0,0,0,0,0,0,0,1,1,2,21,21,42
20182019,19,CAMPBELL,91,Campbell County,100,Campbell County High School,19091100,210090000941,NKCES,905,662,589,1251,14,18,32,11,10,21,12,12,24,0,0,0,1,0,1,13,19,32,713,648,1361
20182019,19,CAMPBELL,91,Campbell County,11,Campbell County Middle School,19091011,210090001306,NKCES,905,517,501,1018,19,14,33,13,12,25,9,5,14,0,1,1,0,0,0,18,28,46,576,561,1137
20182019,19,CAMPBELL,91,Campbell County,19,Campbell Ridge Elementary,19091019,210090001978,NKCES,905,266,291,557,3,4,7,4,3,7,5,2,7,2,0,2,0,1,1,9,10,19,289,311,600
20182019,19,CAMPBELL,91,Campbell County,35,Crossroads Elementary School,19091035,210090002198,NKCES,905,209,201,410,9,7,16,7,10,17,2,2,4,1,1,2,0,0,0,20,25,45,248,246,494
20182019,19,CAMPBELL,91,Campbell County,13,Donald E. Cline Elementary School,19091013,210090001335,NKCES,905,133,144,277,10,5,15,12,3,15,3,3,6,0,0,0,0,0,0,13,12,25,171,167,338
20182019,19,CAMPBELL,91,Campbell County,50,Grant's Lick Elementary School,19091050,210090000180,NKCES,905,170,154,324,0,1,1,3,1,4,2,1,3,0,0,0,0,0,0,2,2,4,177,159,336
20182019,19,CAMPBELL,91,Campbell County,12,John W. Reiley Elementary School,19091012,210090001320,NKCES,905,216,192,408,2,1,3,3,3,6,2,1,3,0,0,0,0,0,0,5,2,7,228,199,427
20182019,19,CAMPBELL,91,Campbell County,,---District Total---,,,NKCES,905,2190,2090,4280,60,51,111,53,43,96,35,26,61,3,2,5,1,1,2,81,99,180,2423,2312,4735
20182019,109,TAYLOR,92,Campbellsville Independent,11,Campbellsville Eagle Academy,109092011,210093001653,GRREC,902,7,1,8,1,0,1,1,0,1,0,0,0,0,0,0,0,0,0,2,1,3,11,2,13
20182019,109,TAYLOR,92,Campbellsville Independent,10,Campbellsville Elementary School,109092010,210093000182,GRREC,902,224,192,416,31,20,51,16,11,27,5,4,9,1,1,2,0,0,0,47,45,92,324,273,597
20182019,109,TAYLOR,92,Campbellsville Independent,20,Campbellsville High School,109092020,210093000183,GRREC,902,103,118,221,16,13,29,7,4,11,4,3,7,0,0,0,0,0,0,11,13,24,141,151,292
20182019,109,TAYLOR,92,Campbellsville Independent,25,Campbellsville Middle School,109092025,210093000184,GRREC,902,92,92,184,8,11,19,5,5,10,1,1,2,1,0,1,0,0,0,8,12,20,115,121,236
20182019,109,TAYLOR,92,Campbellsville Independent,,---District Total---,,,GRREC,902,426,403,829,56,44,100,29,20,49,10,8,18,2,1,3,0,0,0,68,71,139,591,547,1138
20182019,20,CARLISLE,95,Carlisle County,60,Carlisle County Elementary School,20095060,210096000187,WKEC,908,143,143,286,0,0,0,12,7,19,0,0,0,0,0,0,0,0,0,3,3,6,158,153,311
20182019,20,CARLISLE,95,Carlisle County,40,Carlisle County High School,20095040,210096000186,WKEC,908,99,73,172,1,1,2,2,5,7,1,0,1,0,0,0,0,0,0,1,1,2,104,80,184
20182019,20,CARLISLE,95,Carlisle County,20,Carlisle County Middle School,20095020,210096000185,WKEC,908,83,79,162,1,3,4,5,4,9,1,0,1,0,0,0,0,0,0,3,4,7,93,90,183
20182019,20,CARLISLE,95,Carlisle County,,---District Total---,,,WKEC,908,325,295,620,2,4,6,19,16,35,2,0,2,0,0,0,0,0,0,7,8,15,355,323,678
20182019,21,CARROLL,101,Carroll County,50,Carroll County Alt Learning Center,21101050,210099000648,OVEC,906,5,4,9,0,0,0,0,0,0,0,1,1,0,0,0,0,0,0,0,1,1,5,6,11
20182019,21,CARROLL,101,Carroll County,18,Carroll County High School,21101018,210099000190,OVEC,906,214,216,430,6,1,7,32,33,65,2,2,4,0,0,0,0,0,0,16,10,26,270,262,532
20182019,21,CARROLL,101,Carroll County,19,Carroll County Middle School,21101019,210099000191,OVEC,906,244,243,487,3,2,5,41,39,80,1,0,1,1,0,1,0,0,0,14,16,30,304,300,604
20182019,21,CARROLL,101,Carroll County,5,Cartmell Elementary,21101005,210099000188,OVEC,906,207,168,375,2,2,4,38,30,68,0,0,0,0,0,0,0,0,0,13,9,22,260,209,469
20182019,21,CARROLL,101,Carroll County,10,Kathryn Winn Primary,21101010,210099000189,OVEC,906,111,109,220,0,0,0,32,25,57,0,0,0,0,0,0,0,0,0,5,7,12,148,141,289
20182019,21,CARROLL,101,Carroll County,,---District Total---,,,OVEC,906,781,740,1521,11,5,16,143,127,270,3,3,6,1,0,1,0,0,0,48,43,91,987,918,1905
20182019,22,CARTER,105,Carter County,60,Carter City Elementary School,22105060,210102002356,KEDC,903,57,52,109,0,0,0,2,4,6,0,0,0,0,0,0,0,0,0,0,0,0,59,56,115
20182019,22,CARTER,105,Carter County,40,Carter Virtual Academy,22105040,210102002294,KEDC,903,6,8,14,0,0,0,0,1,1,0,0,0,0,0,0,0,0,0,0,0,0,6,9,15
20182019,22,CARTER,105,Carter County,120,East Carter County High School,22105120,210102000194,KEDC,903,341,311,652,1,1,2,6,4,10,1,2,3,0,0,0,2,0,2,1,3,4,352,321,673
20182019,22,CARTER,105,Carter County,130,East Carter Middle School,22105130,210102001698,KEDC,903,291,250,541,0,0,0,7,10,17,1,3,4,0,0,0,0,0,0,3,1,4,302,264,566
20182019,22,CARTER,105,Carter County,52,Heritage Elementary School,22105052,210102001884,KEDC,903,166,144,310,0,0,0,1,3,4,0,0,0,0,0,0,0,0,0,1,4,5,168,151,319
20182019,22,CARTER,105,Carter County,250,Olive Hill Elementary School,22105250,210102000198,KEDC,903,186,192,378,1,0,1,5,3,8,0,0,0,0,0,0,0,0,0,1,2,3,193,197,390
20182019,22,CARTER,105,Carter County,340,Prichard Elementary School,22105340,210102000199,KEDC,903,311,283,594,0,0,0,15,13,28,2,1,3,0,0,0,0,2,2,2,2,4,330,301,631
20182019,22,CARTER,105,Carter County,450,Star Elementary School,22105450,210102000200,KEDC,903,59,51,110,1,0,1,0,0,0,0,0,0,0,0,0,0,0,0,1,0,1,61,51,112
20182019,22,CARTER,105,Carter County,53,Tygart Creek Elementary School,22105053,210102002340,KEDC,903,161,182,343,1,2,3,3,3,6,0,0,0,1,1,2,0,0,0,0,2,2,166,190,356
20182019,22,CARTER,105,Carter County,500,West Carter County High School,22105500,210102000202,KEDC,903,298,219,517,2,0,2,2,2,4,1,0,1,0,0,0,1,0,1,0,2,2,304,223,527
20182019,22,CARTER,105,Carter County,505,West Carter Middle School,22105505,210102001661,KEDC,903,235,193,428,1,1,2,1,1,2,0,0,0,0,0,0,0,0,0,0,1,1,237,196,433
20182019,22,CARTER,105,Carter County,,---District Total---,,,KEDC,903,2111,1885,3996,7,4,11,42,44,86,5,6,11,1,1,2,3,2,5,9,17,26,2178,1959,4137
20182019,23,CASEY,111,Casey County,45,Casey County High School,23111045,210105000204,SESC,907,293,290,583,2,1,3,20,13,33,1,0,1,0,1,1,0,0,0,9,3,12,325,308,633
20182019,23,CASEY,111,Casey County,70,Casey County Middle School,23111070,210105001579,SESC,907,164,125,289,1,1,2,10,9,19,0,3,3,0,0,0,0,0,0,3,3,6,178,141,319
20182019,23,CASEY,111,Casey County,26,Jones Park Elementary,23111026,210105001981,SESC,907,178,155,333,0,1,1,5,4,9,1,0,1,0,0,0,0,0,0,5,6,11,189,166,355
20182019,23,CASEY,111,Casey County,190,Liberty Elementary School,23111190,210105000208,SESC,907,173,189,362,0,0,0,22,29,51,2,1,3,0,0,0,2,1,3,7,8,15,206,228,434
20182019,23,CASEY,111,Casey County,15,Walnut Hill Elementary School,23111015,210105002211,SESC,907,237,212,449,3,1,4,20,23,43,1,0,1,2,0,2,0,0,0,5,4,9,268,240,508
20182019,23,CASEY,111,Casey County,,---District Total---,,,SESC,907,1045,971,2016,6,4,10,77,78,155,5,4,9,2,1,3,2,1,3,29,24,53,1166,1083,2249
20182019,5,BARREN,113,Caverna Independent,25,Caverna Elementary School,5113025,210111000213,GRREC,902,98,94,192,16,15,31,11,7,18,0,0,0,0,0,0,0,0,0,18,8,26,143,124,267
20182019,5,BARREN,113,Caverna Independent,30,Caverna High School,5113030,210111000214,GRREC,902,97,57,154,11,8,19,2,3,5,1,0,1,0,0,0,0,0,0,8,12,20,119,80,199
20182019,5,BARREN,113,Caverna Independent,26,Caverna Middle School,5113026,210111001914,GRREC,902,55,43,98,6,11,17,2,4,6,0,1,1,1,0,1,0,0,0,8,10,18,72,69,141
20182019,5,BARREN,113,Caverna Independent,,---District Total---,,,GRREC,902,250,194,444,33,34,67,15,14,29,1,1,2,1,0,1,0,0,0,34,30,64,334,273,607
20182019,24,CHRISTIAN,115,Christian County,180,Christian County Day Treatment,24115180,210115000234,WKEC,908,11,0,11,6,2,8,1,0,1,0,0,0,0,0,0,0,0,0,2,1,3,20,3,23
20182019,24,CHRISTIAN,115,Christian County,30,Christian County High School,24115030,210115000220,WKEC,908,319,337,656,254,221,475,31,36,67,3,3,6,0,4,4,1,2,3,30,21,51,638,624,1262
20182019,24,CHRISTIAN,115,Christian County,35,Christian County Middle School,24115035,210115000221,WKEC,908,192,164,356,131,113,244,17,21,38,1,1,2,0,0,0,1,0,1,17,22,39,359,321,680
20182019,24,CHRISTIAN,115,Christian County,40,Crofton Elementary School,24115040,210115000222,WKEC,908,187,157,344,7,5,12,5,6,11,0,0,0,0,1,1,0,0,0,7,13,20,206,182,388
20182019,24,CHRISTIAN,115,Christian County,23,Cumberland Hall School,24115023,210115001912,WKEC,908,8,9,17,2,0,2,1,1,2,0,0,0,0,0,0,0,0,0,0,0,0,11,10,21
20182019,24,CHRISTIAN,115,Christian County,26,Freedom Elementary School,24115026,210115002415,WKEC,908,92,80,172,174,158,332,18,18,36,0,0,0,0,0,0,0,0,0,19,36,55,303,292,595
20182019,24,CHRISTIAN,115,Christian County,50,Hopkinsville High School,24115050,210115000223,WKEC,908,302,286,588,166,184,350,36,41,77,6,4,10,2,3,5,0,2,2,18,25,43,530,545,1075
20182019,63,LAUREL,311,Laurel County,205,North Laurel High School,63311205,210321000215,SESC,907,645,643,1288,10,9,19,13,6,19,5,5,10,1,3,4,0,0,0,3,6,9,677,672,1349
20182019,63,LAUREL,311,Laurel County,200,North Laurel Middle School,63311200,210321001589,SESC,907,479,464,943,6,2,8,9,9,18,5,6,11,1,2,3,1,0,1,1,5,6,502,488,990
20182019,63,LAUREL,311,Laurel County,210,South Laurel High School,63311210,210321000865,SESC,907,555,530,1085,8,9,17,13,14,27,8,4,12,1,2,3,0,1,1,6,4,10,591,564,1155
20182019,63,LAUREL,311,Laurel County,40,South Laurel Middle School,63311040,210321000858,SESC,907,487,443,930,3,4,7,13,5,18,6,2,8,1,0,1,4,3,7,5,10,15,519,467,986
20182019,63,LAUREL,311,Laurel County,420,Sublimity Elementary School,63311420,210321000869,SESC,907,165,122,287,3,2,5,4,2,6,1,1,2,0,0,0,1,0,1,4,2,6,178,129,307
20182019,63,LAUREL,311,Laurel County,18,Wyan-Pine Grove Elementary,63311018,210321002030,SESC,907,212,196,408,4,1,5,14,12,26,5,5,10,0,0,0,0,0,0,3,5,8,238,219,457
20182019,63,LAUREL,311,Laurel County,,---District Total---,,,SESC,907,4252,3969,8221,45,35,80,99,91,190,40,33,73,5,8,13,7,4,11,43,53,96,4491,4193,8684
20182019,64,LAWRENCE,315,Lawrence County,30,Blaine Elementary School,64315030,210324000870,KEDC,903,96,82,178,1,2,3,1,2,3,0,0,0,0,0,0,0,0,0,0,0,0,98,86,184
20182019,64,LAWRENCE,315,Lawrence County,150,Fallsburg Elementary School,64315150,210324000871,KEDC,903,124,119,243,2,0,2,2,1,3,0,0,0,0,0,0,0,0,0,0,0,0,128,120,248
20182019,64,LAWRENCE,315,Lawrence County,260,Lawrence County High School,64315260,210324000874,KEDC,903,338,324,662,2,1,3,2,1,3,1,3,4,0,1,1,0,0,0,1,3,4,344,333,677
20182019,64,LAWRENCE,315,Lawrence County,20,Louisa East Elementary School,64315020,210324002079,KEDC,903,277,299,576,2,3,5,4,3,7,2,0,2,0,0,0,0,0,0,4,3,7,289,308,597
20182019,64,LAWRENCE,315,Lawrence County,200,Louisa Middle School,64315200,210324000872,KEDC,903,211,211,422,2,0,2,3,1,4,2,1,3,1,0,1,0,0,0,1,1,2,220,214,434
20182019,64,LAWRENCE,315,Lawrence County,21,Louisa West Elementary School,64315021,210324002155,KEDC,903,121,123,244,0,0,0,1,0,1,1,0,1,0,0,0,0,0,0,1,1,2,124,124,248
20182019,64,LAWRENCE,315,Lawrence County,,---District Total---,,,KEDC,903,1167,1158,2325,9,6,15,13,8,21,6,4,10,1,1,2,0,0,0,7,8,15,1203,1185,2388
20182019,65,LEE,321,Lee County,100,Lee County Elementary School,65321100,210327000216,KVEC,904,227,172,399,1,2,3,1,1,2,0,0,0,0,0,0,0,0,0,1,2,3,230,177,407
20182019,65,LEE,321,Lee County,60,Lee County Middle High School,65321060,,KVEC,904,249,247,496,2,0,2,0,1,1,0,0,0,0,1,1,0,0,0,2,1,3,253,250,503
20182019,65,LEE,321,Lee County,,---District Total---,,,KVEC,904,476,419,895,3,2,5,1,2,3,0,0,0,0,1,1,0,0,0,3,3,6,483,427,910
20182019,66,LESLIE,325,Leslie County,280,Hayes Lewis Elementary School,66325280,210333000882,KVEC,904,56,65,121,0,0,0,0,2,2,0,0,0,0,0,0,0,0,0,0,0,0,56,67,123
20182019,66,LESLIE,325,Leslie County,350,Leslie County High School,66325350,210333000885,KVEC,904,238,220,458,2,2,4,0,0,0,0,1,1,0,0,0,0,0,0,1,0,1,241,223,464
20182019,66,LESLIE,325,Leslie County,300,Mountain View Elementary,66325300,210333000883,KVEC,904,243,219,462,6,1,7,2,0,2,1,0,1,0,0,0,0,0,0,1,0,1,253,220,473
20182019,66,LESLIE,325,Leslie County,570,Stinnett Elementary School,66325570,210333000887,KVEC,904,183,167,350,2,0,2,1,0,1,0,0,0,0,0,0,0,0,0,0,1,1,186,168,354
20182019,66,LESLIE,325,Leslie County,420,W B Muncy Elementary School,66325420,210333000886,KVEC,904,110,113,223,0,0,0,0,0,0,0,0,0,0,0,0,0,0,0,0,0,0,110,113,223
20182019,66,LESLIE,325,Leslie County,,---District Total---,,,KVEC,904,830,784,1614,10,3,13,3,2,5,1,1,2,0,0,0,0,0,0,2,1,3,846,791,1637
20182019,67,LETCHER,331,Letcher County,210,Arlie Boggs Elementary School,67331210,210336000892,KVEC,904,71,73,144,0,0,0,0,0,0,0,0,0,1,0,1,0,0,0,0,0,0,72,73,145
20182019,67,LETCHER,331,Letcher County,380,Cowan Elementary School,67331380,210336000900,KVEC,904,152,162,314,0,1,1,1,1,2,0,0,0,1,0,1,0,0,0,1,4,5,155,168,323
20182019,67,LETCHER,331,Letcher County,250,Fleming Neon Middle School,67331250,210336000894,KVEC,904,100,84,184,0,1,1,3,3,6,0,0,0,0,0,0,0,0,0,1,0,1,104,88,192
20182019,67,LETCHER,331,Letcher County,55,Letcher County Alternative Education Ctr,67331055,210336002344,KVEC,904,3,1,4,0,0,0,0,0,0,0,0,0,0,0,0,0,0,0,1,0,1,4,1,5
20182019,67,LETCHER,331,Letcher County,56,Letcher County Central High School,67331056,210336001998,KVEC,904,440,387,827,3,2,5,2,2,4,1,1,2,0,0,0,0,0,0,0,3,3,446,395,841
20182019,67,LETCHER,331,Letcher County,350,Letcher Elementary School,67331350,210336000898,KVEC,904,154,142,296,0,0,0,0,1,1,0,0,0,0,0,0,0,0,0,0,2,2,154,145,299
20182019,67,LETCHER,331,Letcher County,355,Letcher Middle School,67331355,210336002318,KVEC,904,85,58,143,0,0,0,0,1,1,0,0,0,0,0,0,0,0,0,0,1,1,85,60,145
20182019,67,LETCHER,331,Letcher County,425,Martha Jane Potter Elementary School,67331425,210336000901,KVEC,904,196,181,377,0,0,0,4,2,6,0,1,1,0,0,0,0,0,0,3,1,4,203,185,388
20182019,67,LETCHER,331,Letcher County,650,West Whitesburg Elementary School,67331650,210336000903,KVEC,904,211,179,390,0,0,0,4,0,4,0,0,0,0,0,0,0,0,0,0,2,2,215,181,396
20182019,67,LETCHER,331,Letcher County,710,Whitesburg Middle School,67331710,210336000904,KVEC,904,117,94,211,0,0,0,2,0,2,0,2,2,0,0,0,0,0,0,2,1,3,121,97,218
20182019,67,LETCHER,331,Letcher County,,---District Total---,,,KVEC,904,1529,1361,2890,3,4,7,16,10,26,1,4,5,2,0,2,0,0,0,8,14,22,1559,1393,2952
20182019,68,LEWIS,335,Lewis County,40,Garrison Elementary School,68335040,210339000906,KEDC,903,124,121,245,0,1,1,0,0,0,0,0,0,0,0,0,0,0,0,7,4,11,131,126,257
20182019,68,LEWIS,335,Lewis County,90,Laurel Elementary School,68335090,210339000908,KEDC,903,39,37,76,0,0,0,0,0,0,0,0,0,0,0,0,0,0,0,0,1,1,39,38,77
20182019,68,LEWIS,335,Lewis County,95,Lewis County Central Elementary School,68335095,210339000909,KEDC,903,215,196,411,0,0,0,2,2,4,0,0,0,0,0,0,0,0,0,9,0,9,226,198,424
20182019,68,LEWIS,335,Lewis County,120,Lewis County High School,68335120,210339000910,KEDC,903,337,324,661,0,2,2,1,5,6,0,2,2,0,0,0,0,0,0,8,9,17,346,342,688
20182019,68,LEWIS,335,Lewis County,100,Lewis County Middle School,68335100,210339001503,KEDC,903,212,201,413,1,2,3,0,0,0,0,0,0,0,0,0,0,0,0,5,9,14,218,212,430
20182019,68,LEWIS,335,Lewis County,140,Tollesboro Elementary School,68335140,210339000911,KEDC,903,141,135,276,0,0,0,0,0,0,0,0,0,0,0,0,0,0,0,1,2,3,142,137,279
20182019,68,LEWIS,335,Lewis County,,---District Total---,,,KEDC,903,1068,1014,2082,1,5,6,3,7,10,0,2,2,0,0,0,0,0,0,30,25,55,1102,1053,2155
20182019,69,LINCOLN,341,Lincoln County,40,Crab Orchard Elementary School,69341040,210348000914,SESC,907,119,101,220,2,0,2,8,6,14,0,0,0,1,0,1,0,0,0,4,0,4,134,107,241
20182019,69,LINCOLN,341,Lincoln County,21,Fort Logan School,69341021,210348001643,SESC,907,5,7,12,0,0,0,2,1,3,0,0,0,0,0,0,0,0,0,0,0,0,7,8,15
20182019,69,LINCOLN,341,Lincoln County,50,Highland Elementary School,69341050,210348000915,SESC,907,106,103,209,0,0,0,5,3,8,0,0,0,0,0,0,0,0,0,2,2,4,113,108,221
20182019,69,LINCOLN,341,Lincoln County,70,Hustonville Elementary School,69341070,210348000916,SESC,907,132,118,250,1,0,1,4,3,7,1,0,1,0,1,1,0,0,0,5,5,10,143,127,270
20182019,69,LINCOLN,341,Lincoln County,95,Lincoln County High School,69341095,210348000918,SESC,907,470,458,928,7,11,18,11,24,35,2,5,7,0,0,0,0,1,1,22,14,36,512,513,1025
20182019,69,LINCOLN,341,Lincoln County,65,Lincoln County Middle School,69341065,210348000478,SESC,907,396,371,767,6,4,10,24,13,37,0,1,1,2,0,2,0,0,0,18,11,29,446,400,846
20182019,69,LINCOLN,341,Lincoln County,100,McKinney Elementary School,69341100,210348000919,SESC,907,61,53,114,1,0,1,5,2,7,0,0,0,1,0,1,0,0,0,1,3,4,69,58,127
20182019,69,LINCOLN,341,Lincoln County,130,Stanford Elementary School,69341130,210348000920,SESC,907,232,214,446,13,10,23,11,9,20,2,1,3,1,3,4,0,0,0,12,12,24,271,249,520
20182019,69,LINCOLN,341,Lincoln County,150,Waynesburg Elementary School,69341150,210348000921,SESC,907,107,123,230,0,0,0,2,6,8,0,0,0,0,0,0,0,0,0,2,3,5,111,132,243
20182019,69,LINCOLN,341,Lincoln County,,---District Total---,,,SESC,907,1628,1548,3176,30,25,55,72,67,139,5,7,12,5,4,9,0,1,1,66,50,116,1806,1702,3508
20182019,70,LIVINGSTON,345,Livingston County,50,Livingston Central High School,70345050,210351000924,WKEC,908,159,138,297,1,1,2,3,6,9,0,1,1,0,0,0,0,1,1,2,2,4,165,149,314
20182019,70,LIVINGSTON,345,Livingston County,65,Livingston County Middle School,70345065,210351001484,WKEC,908,115,123,238,2,0,2,7,5,12,2,0,2,0,0,0,0,0,0,6,4,10,132,132,264
20182019,70,LIVINGSTON,345,Livingston County,20,North Livingston Elementary School,70345020,210351001133,WKEC,908,67,73,140,2,0,2,3,3,6,2,0,2,0,0,0,0,0,0,4,2,6,78,78,156
20182019,70,LIVINGSTON,345,Livingston County,21,South Livingston Elementary School,70345021,210351001999,WKEC,908,181,136,317,0,2,2,9,15,24,0,1,1,0,1,1,0,0,0,8,6,14,198,161,359
20182019,70,LIVINGSTON,345,Livingston County,,---District Total---,,,WKEC,908,522,470,992,5,3,8,22,29,51,4,2,6,0,1,1,0,1,1,20,14,34,573,520,1093
20182019,71,LOGAN,351,Logan County,11,Adairville Elementary School,71351011,210354001542,GRREC,902,146,122,268,19,12,31,20,18,38,1,0,1,2,1,3,0,0,0,5,2,7,193,155,348
20182019,71,LOGAN,351,Logan County,12,Auburn Elementary School,71351012,210354001543,GRREC,902,307,294,601,4,5,9,13,9,22,0,1,1,0,0,0,0,0,0,18,13,31,342,322,664
20182019,71,LOGAN,351,Logan County,13,Chandlers Elementary School,71351013,210354001544,GRREC,902,228,201,429,3,0,3,6,7,13,0,0,0,0,0,0,0,0,0,11,9,20,248,217,465
20182019,71,LOGAN,351,Logan County,14,Lewisburg Elementary School,71351014,210354001545,GRREC,902,230,197,427,2,1,3,14,14,28,0,0,0,0,0,0,0,0,0,4,6,10,250,218,468
20182019,71,LOGAN,351,Logan County,140,Logan County High School,71351140,210354001458,GRREC,902,470,472,942,20,16,36,21,12,33,9,2,11,1,0,1,0,0,0,13,16,29,534,518,1052
20182019,71,LOGAN,351,Logan County,16,Olmstead Elementary School,71351016,210354001546,GRREC,902,158,187,345,2,7,9,3,2,5,0,1,1,0,0,0,1,0,1,5,11,16,169,208,377
20182019,71,LOGAN,351,Logan County,,---District Total---,,,GRREC,902,1539,1473,3012,50,41,91,77,62,139,10,4,14,3,1,4,1,0,1,56,57,113,1736,1638,3374
20182019,59,KENTON,354,Ludlow Independent,20,Ludlow High School,59354020,210363000939,NKCES,905,183,168,351,3,3,6,7,4,11,0,1,1,0,0,0,0,0,0,9,7,16,202,183,385
20182019,59,KENTON,354,Ludlow Independent,10,Mary A. Goetz Elementary School,59354010,210363000938,NKCES,905,178,183,361,1,3,4,7,10,17,1,1,2,0,0,0,1,0,1,14,14,28,202,211,413
20182019,59,KENTON,354,Ludlow Independent,,---District Total---,,,NKCES,905,361,351,712,4,6,10,14,14,28,1,2,3,0,0,0,1,0,1,23,21,44,404,394,798
20182019,72,LYON,361,Lyon County,20,Lyon County Elementary School,72361020,210369000942,WKEC,908,194,162,356,6,3,9,13,8,21,1,1,2,2,1,3,1,1,2,8,6,14,225,182,407
20182019,72,LYON,361,Lyon County,70,Lyon County High School,72361070,210369000943,WKEC,908,125,118,243,1,3,4,3,7,10,0,1,1,0,0,0,0,1,1,0,5,5,129,135,264
20182019,72,LYON,361,Lyon County,23,Lyon County Middle School,72361023,210369001950,WKEC,908,97,97,194,2,3,5,7,2,9,3,2,5,0,0,0,0,0,0,5,3,8,114,107,221
20182019,72,LYON,361,Lyon County,,---District Total---,,,WKEC,908,416,377,793,9,9,18,23,17,40,4,4,8,2,1,3,1,2,3,13,14,27,468,424,892
20182019,73,MADISON,365,Madison County,21,B. Michael Caudill Middle School,73365021,210372002217,SESC,907,271,261,532,16,8,24,14,9,23,1,3,4,0,1,1,0,0,0,13,13,26,315,295,610
20182019,73,MADISON,365,Madison County,65,Bellevue Transitional School,73365065,,SESC,907,4,8,12,1,1,2,0,0,0,0,0,0,0,0,0,0,0,0,3,0,3,8,9,17
20182019,73,MADISON,365,Madison County,8,Boonesborough Elementary,73365008,,SESC,907,169,174,343,5,4,9,13,7,20,1,0,1,0,0,0,0,0,0,9,4,13,197,189,386
20182019,73,MADISON,365,Madison County,10,Clark Moores Middle School,73365010,210372000944,SESC,907,234,232,466,8,16,24,13,13,26,4,0,4,0,2,2,0,0,0,21,21,42,280,284,564
20182019,73,MADISON,365,Madison County,15,Daniel Boone Elementary School,73365015,210372000945,SESC,907,151,170,321,16,27,43,22,13,35,5,2,7,1,0,1,0,0,0,8,15,23,203,227,430
20182019,73,MADISON,365,Madison County,145,Farristown Middle School,73365145,210372002311,SESC,907,222,222,444,5,2,7,6,11,17,0,1,1,0,0,0,0,0,0,4,6,10,237,242,479
20182019,73,MADISON,365,Madison County,140,Foley Middle School,73365140,210372000953,SESC,907,217,199,416,6,3,9,15,7,22,0,2,2,0,1,1,0,0,0,8,5,13,246,217,463
20182019,73,MADISON,365,Madison County,18,Glenn R Marshall Elementary School,73365018,210372002032,SESC,907,180,156,336,20,12,32,23,13,36,0,0,0,0,1,1,0,0,0,8,20,28,231,202,433
20182019,73,MADISON,365,Madison County,30,Kingston Elementary School,73365030,210372000946,SESC,907,259,263,522,2,3,5,5,10,15,1,0,1,0,0,0,0,0,0,9,11,20,276,287,563
20182019,73,MADISON,365,Madison County,40,Kirksville Elementary School,73365040,210372000947,SESC,907,218,181,399,17,15,32,33,13,46,1,0,1,0,0,0,0,0,0,16,14,30,285,223,508
20182019,73,MADISON,365,Madison County,45,Kit Carson Elementary School,73365045,210372000948,SESC,907,199,254,453,12,10,22,12,14,26,4,1,5,0,0,0,0,1,1,16,14,30,243,294,537
20182019,73,MADISON,365,Madison County,50,Madison Central High School,73365050,210372000949,SESC,907,789,782,1571,68,58,126,58,58,116,13,13,26,6,5,11,1,0,1,57,50,107,992,966,1958
20182019,73,MADISON,365,Madison County,160,Madison County Day Treatment,73365160,210372001678,SESC,907,15,2,17,0,0,0,0,0,0,0,0,0,0,0,0,0,0,0,0,1,1,15,3,18
20182019,73,MADISON,365,Madison County,110,Madison Kindergarten Academy,73365110,210372002392,SESC,907,146,129,275,14,13,27,15,7,22,1,1,2,0,0,0,0,0,0,16,15,31,192,165,357
20182019,73,MADISON,365,Madison County,20,Madison Middle School,73365020,210372000250,SESC,907,196,198,394,18,23,41,26,13,39,4,5,9,1,0,1,0,2,2,20,23,43,265,264,529
20182019,73,MADISON,365,Madison County,150,Madison Southern High School,73365150,210372001594,SESC,907,540,538,1078,8,4,12,21,17,38,4,3,7,0,1,1,0,0,0,13,18,31,586,581,1167
20182019,73,MADISON,365,Madison County,450,Model Laboratory Elementary School,73365450,210372001485,SESC,907,127,123,250,2,6,8,2,3,5,4,6,10,0,1,1,0,0,0,2,3,5,137,142,279
20182019,73,MADISON,365,Madison County,460,Model Laboratory High School,73365460,210372001486,SESC,907,107,77,184,1,3,4,0,1,1,9,10,19,1,1,2,0,0,0,3,4,7,121,96,217
20182019,73,MADISON,365,Madison County,455,Model Laboratory Middle School,73365455,210372001536,SESC,907,93,69,162,0,5,5,2,0,2,4,4,8,1,0,1,0,0,0,4,4,8,104,82,186
20182019,73,MADISON,365,Madison County,7,Shannon Johnson Elementary School,73365007,210372001901,SESC,907,256,277,533,3,1,4,4,8,12,3,3,6,0,0,0,1,0,1,11,9,20,278,298,576
20182019,73,MADISON,365,Madison County,100,Silver Creek Elementary School,73365100,210372000950,SESC,907,192,194,386,3,0,3,5,2,7,1,0,1,0,3,3,0,0,0,9,8,17,210,207,417
20182019,73,MADISON,365,Madison County,120,Waco Elementary School,73365120,210372000951,SESC,907,219,176,395,2,2,4,5,4,9,0,1,1,0,0,0,0,2,2,7,5,12,233,190,423
20182019,73,MADISON,365,Madison County,130,White Hall Elementary School,73365130,210372000952,SESC,907,148,165,313,7,6,13,8,2,10,1,0,1,0,0,0,0,0,0,13,10,23,177,183,360
20182019,73,MADISON,365,Madison County,,---District Total---,,,SESC,907,4952,4850,9802,234,222,456,302,225,527,61,55,116,10,16,26,2,5,7,270,273,543,5831,5646,11477
20182019,74,MAGOFFIN,371,Magoffin County,175,Herald Whitaker Middle School,74371175,210375001618,KVEC,904,155,158,313,0,0,0,3,0,3,1,0,1,0,0,0,0,0,0,0,0,0,159,158,317
20182019,74,MAGOFFIN,371,Magoffin County,370,Magoffin County High School,74371370,210375000960,KVEC,904,300,268,568,3,0,3,2,0,2,0,0,0,0,0,0,1,0,1,0,1,1,306,269,575
20182019,74,MAGOFFIN,371,Magoffin County,172,North Magoffin Elementary,74371172,210375002238,KVEC,904,215,193,408,0,0,0,2,1,3,0,0,0,0,0,0,0,0,0,2,0,2,219,194,413
20182019,74,MAGOFFIN,371,Magoffin County,360,Salyersville Grade School,74371360,210375000958,KVEC,904,245,194,439,1,0,1,2,1,3,0,0,0,0,0,0,0,1,1,6,0,6,254,196,450
20182019,74,MAGOFFIN,371,Magoffin County,173,South Magoffin Elementary,74371173,210375002227,KVEC,904,96,80,176,0,0,0,1,1,2,0,0,0,0,0,0,0,0,0,2,1,3,99,82,181
20182019,74,MAGOFFIN,371,Magoffin County,,---District Total---,,,KVEC,904,1011,893,1904,4,0,4,10,3,13,1,0,1,0,0,0,1,1,2,10,2,12,1037,899,1936
20182019,75,MARION,375,Marion County,20,Calvary Elementary School,75375020,210378000962,CKEC,901,100,102,202,3,1,4,3,2,5,0,0,0,0,0,0,0,0,0,2,1,3,108,106,214
20182019,75,MARION,375,Marion County,40,Glasscock Elementary School,75375040,210378000963,CKEC,901,166,155,321,34,21,55,11,16,27,1,2,3,0,0,0,0,0,0,11,14,25,223,208,431
20182019,75,MARION,375,Marion County,30,Hugh C. Spalding Academy,75375030,210378002328,CKEC,901,32,58,90,10,3,13,3,0,3,0,0,0,0,0,0,0,0,0,3,0,3,48,61,109
20182019,75,MARION,375,Marion County,210,Lebanon Elementary School,75375210,210378000967,CKEC,901,103,130,233,14,22,36,34,21,55,4,4,8,0,0,0,1,4,5,14,14,28,170,195,365
20182019,75,MARION,375,Marion County,515,Marion County High School,75375515,210378000970,CKEC,901,281,276,557,17,20,37,11,20,31,2,6,8,0,0,0,1,0,1,1,2,3,313,324,637
20182019,75,MARION,375,Marion County,85,Marion County Knight Academy,75375085,,CKEC,901,203,219,422,15,21,36,16,13,29,0,1,1,0,0,0,1,1,2,1,2,3,236,257,493
20182019,75,MARION,375,Marion County,95,Marion County Middle School,75375095,,CKEC,901,216,207,423,17,18,35,24,15,39,1,0,1,1,0,1,1,0,1,7,7,14,267,247,514
20182019,75,MARION,375,Marion County,100,West Marion Elementary School,75375100,210378001619,CKEC,901,204,196,400,1,1,2,5,2,7,0,0,0,0,0,0,0,0,0,1,4,5,211,203,414
20182019,75,MARION,375,Marion County,,---District Total---,,,CKEC,901,1305,1343,2648,111,107,218,107,89,196,8,13,21,1,0,1,4,5,9,40,44,84,1576,1601,3177
20182019,76,MARSHALL,381,Marshall County,11,Benton Elementary School,76381011,210381000971,WKEC,908,242,227,469,0,0,0,6,5,11,1,3,4,0,0,0,0,0,0,3,2,5,252,237,489
20182019,76,MARSHALL,381,Marshall County,40,Calvert City Elementary School,76381040,210381000973,WKEC,908,140,109,249,0,1,1,7,5,12,1,2,3,0,0,0,0,1,1,4,5,9,152,123,275
20182019,76,MARSHALL,381,Marshall County,10,Central Elementary School,76381010,210381000272,WKEC,908,239,229,468,0,0,0,5,5,10,1,0,1,0,0,0,1,0,1,0,2,2,246,236,482
20182019,76,MARSHALL,381,Marshall County,85,Jonathan Elementary School,76381085,210381000975,WKEC,908,106,95,201,0,1,1,2,2,4,0,0,0,0,0,0,0,0,0,2,1,3,110,99,209
20182019,76,MARSHALL,381,Marshall County,25,MC@HOME,76381025,,WKEC,908,30,52,82,0,0,0,2,4,6,0,0,0,0,0,0,0,0,0,2,0,2,34,56,90
20182019,76,MARSHALL,381,Marshall County,88,Marshall County High School,76381088,210381000976,WKEC,908,670,572,1242,2,1,3,11,13,24,1,4,5,0,1,1,0,1,1,4,8,12,688,600,1288
20182019,76,MARSHALL,381,Marshall County,90,North Marshall Middle School,76381090,210381000977,WKEC,908,268,249,517,0,0,0,8,4,12,3,5,8,0,0,0,1,0,1,1,4,5,281,262,543
20182019,76,MARSHALL,381,Marshall County,5,Purchase Youth Village,76381005,,WKEC,908,14,7,21,1,0,1,2,0,2,0,0,0,0,0,0,0,0,0,1,0,1,18,7,25
20182019,76,MARSHALL,381,Marshall County,100,Sharpe Elementary School,76381100,210381000978,WKEC,908,140,133,273,1,0,1,1,4,5,0,0,0,2,1,3,0,0,0,1,5,6,145,143,288
20182019,76,MARSHALL,381,Marshall County,105,South Marshall Elementary School,76381105,210381000979,WKEC,908,154,121,275,1,0,1,3,3,6,0,0,0,0,0,0,0,0,0,2,1,3,160,125,285
20182019,76,MARSHALL,381,Marshall County,111,South Marshall Middle,76381111,,WKEC,908,227,248,475,1,0,1,3,4,7,3,3,6,0,0,0,0,0,0,3,4,7,237,259,496
20182019,76,MARSHALL,381,Marshall County,18,Star Academy High School,76381018,210381002073,WKEC,908,13,13,26,0,0,0,0,0,0,0,0,0,0,0,0,0,0,0,0,0,0,13,13,26
20182019,76,MARSHALL,381,Marshall County,,---District Total---,,,WKEC,908,2243,2055,4298,6,3,9,50,49,99,10,17,27,2,2,4,2,2,4,23,32,55,2336,2160,4496
20182019,77,MARTIN,385,Martin County,51,Eden Elementary School,77385051,210384001902,KEDC,903,165,152,317,1,1,2,0,1,1,0,0,0,0,1,1,0,0,0,0,0,0,166,155,321
20182019,77,MARTIN,385,Martin County,120,Inez Elementary School,77385120,210384000982,KEDC,903,130,117,247,1,1,2,0,0,0,0,0,0,0,0,0,0,0,0,0,0,0,131,118,249
20182019,77,MARTIN,385,Martin County,250,Martin County High School,77385250,210384000985,KEDC,903,276,221,497,3,1,4,2,2,4,0,0,0,0,0,0,0,0,0,0,0,0,281,224,505
20182019,77,MARTIN,385,Martin County,330,Martin County Middle School,77385330,210384002386,KEDC,903,208,163,371,1,1,2,1,1,2,0,0,0,0,0,0,0,0,0,1,0,1,211,165,376
20182019,77,MARTIN,385,Martin County,300,Warfield Elementary School,77385300,210384000988,KEDC,903,145,125,270,0,0,0,1,1,2,0,0,0,0,0,0,0,0,0,1,0,1,147,126,273
20182019,77,MARTIN,385,Martin County,,---District Total---,,,KEDC,903,924,778,1702,6,4,10,4,5,9,0,0,0,0,1,1,0,0,0,2,0,2,936,788,1724
20182019,78,MASON,391,Mason County,80,Charles Straub Elementary School,78391080,210387001460,KEDC,903,231,222,453,20,14,34,13,12,25,1,1,2,1,1,2,0,0,0,29,34,63,295,284,579
20182019,78,MASON,391,Mason County,30,Mason County High School,78391030,210387000989,KEDC,903,316,286,602,20,40,60,13,14,27,0,2,2,2,0,2,0,0,0,23,18,41,374,360,734
20182019,78,MASON,391,Mason County,11,Mason County Intermediate School,78391011,210387002000,KEDC,903,266,233,499,18,28,46,18,11,29,2,2,4,0,1,1,0,0,0,23,34,57,327,309,636
20182019,78,MASON,391,Mason County,50,Mason County Middle School,78391050,210387000991,KEDC,903,271,248,519,19,23,42,11,13,24,2,1,3,1,0,1,0,0,0,27,23,50,331,308,639
20182019,78,MASON,391,Mason County,,---District Total---,,,KEDC,903,1084,989,2073,77,105,182,55,50,105,5,6,11,4,2,6,0,0,0,102,109,211,1327,1261,2588
20182019,42,GRAVES,392,Mayfield Independent,31,Mayfield Elementary School,42392031,210390002001,WKEC,908,164,155,319,44,59,103,134,108,242,2,2,4,0,0,0,2,0,2,44,43,87,390,367,757
20182019,42,GRAVES,392,Mayfield Independent,60,Mayfield High School,42392060,210390000995,WKEC,908,117,108,225,34,34,68,62,72,134,1,0,1,0,0,0,0,1,1,27,22,49,241,237,478
20182019,42,GRAVES,392,Mayfield Independent,65,Mayfield Middle School,42392065,210390000996,WKEC,908,115,105,220,41,56,97,78,76,154,1,1,2,0,1,1,0,0,0,29,30,59,264,269,533
20182019,42,GRAVES,392,Mayfield Independent,,---District Total---,,,WKEC,908,396,368,764,119,149,268,274,256,530,4,3,7,0,1,1,2,1,3,100,95,195,895,873,1768
20182019,79,MCCRACKEN,395,McCracken County,10,Concord Elementary School,79395010,210396001001,WKEC,908,261,247,508,21,16,37,15,11,26,5,5,10,0,1,1,0,0,0,20,11,31,322,291,613
20182019,79,MCCRACKEN,395,McCracken County,120,Heath Elementary School,79395120,210396001461,WKEC,908,185,172,357,4,3,7,7,7,14,1,2,3,0,0,0,1,0,1,6,8,14,204,192,396
20182019,79,MCCRACKEN,395,McCracken County,55,Heath Middle School,79395055,210396001006,WKEC,908,212,220,432,14,5,19,8,10,18,2,2,4,1,0,1,0,0,0,15,6,21,252,243,495
20182019,79,MCCRACKEN,395,McCracken County,65,Hendron Lone Oak Elementary School,79395065,210396001431,WKEC,908,186,153,339,14,6,20,8,12,20,5,5,10,0,0,0,0,0,0,10,9,19,223,185,408
20182019,79,MCCRACKEN,395,McCracken County,80,Lone Oak Elementary School,79395080,210396001009,WKEC,908,213,192,405,23,19,42,12,9,21,2,4,6,0,0,0,0,0,0,16,14,30,266,238,504
20182019,79,MCCRACKEN,395,McCracken County,75,Lone Oak Intermediate School,79395075,210396002374,WKEC,908,205,202,407,16,17,33,9,12,21,2,3,5,1,0,1,2,0,2,14,10,24,249,244,493
20182019,79,MCCRACKEN,395,McCracken County,85,Lone Oak Middle School,79395085,210396001010,WKEC,908,335,294,629,24,31,55,24,20,44,8,11,19,1,0,1,0,1,1,15,15,30,407,372,779
20182019,79,MCCRACKEN,395,McCracken County,15,McCracken County High School,79395015,210396002332,WKEC,908,826,850,1676,53,40,93,37,44,81,12,15,27,2,2,4,1,1,2,25,29,54,956,981,1937
20182019,79,MCCRACKEN,395,McCracken County,12,McCracken Open Campus School,79395012,210396001801,WKEC,908,56,36,92,6,2,8,3,1,4,0,0,0,0,0,0,0,0,0,5,1,6,70,40,110
20182019,79,MCCRACKEN,395,McCracken County,13,McCracken Regional School,79395013,210396001862,WKEC,908,10,1,11,4,0,4,1,0,1,0,0,0,0,0,0,0,0,0,4,1,5,19,2,21
20182019,79,MCCRACKEN,395,McCracken County,100,Reidland Elementary School,79395100,210396001011,WKEC,908,201,211,412,10,10,20,11,12,23,2,1,3,1,0,1,0,0,0,17,12,29,242,246,488
20182019,79,MCCRACKEN,395,McCracken County,30,Reidland Intermediate School,79395030,210396002419,WKEC,908,90,97,187,4,12,16,7,7,14,1,1,2,0,1,1,0,0,0,8,7,15,110,125,235
20182019,79,MCCRACKEN,395,McCracken County,115,Reidland Middle School,79395115,210396001013,WKEC,908,135,146,281,6,9,15,8,13,21,2,0,2,0,1,1,0,0,0,4,9,13,155,178,333
20182019,79,MCCRACKEN,395,McCracken County,,---District Total---,,,WKEC,908,2915,2821,5736,199,170,369,150,158,308,42,49,91,6,5,11,4,2,6,159,132,291,3475,3337,6812
20182019,80,MCCREARY,401,McCreary County,12,McCreary Academy,80401012,210399001805,SESC,907,46,21,67,2,0,2,2,1,3,0,0,0,0,0,0,0,0,0,0,0,0,50,22,72
20182019,80,MCCREARY,401,McCreary County,10,McCreary Central High School,80401010,210399001014,SESC,907,387,343,730,4,3,7,7,4,11,1,1,2,1,0,1,0,0,0,0,3,3,400,354,754
20182019,80,MCCREARY,401,McCreary County,14,McCreary County Middle School,80401014,210399002002,SESC,907,210,196,406,3,3,6,2,1,3,0,0,0,0,0,0,0,0,0,1,0,1,216,200,416
20182019,80,MCCREARY,401,McCreary County,20,Pine Knot Elementary School,80401020,,SESC,907,477,407,884,2,1,3,2,4,6,3,0,3,0,0,0,0,0,0,3,3,6,487,415,902
20182019,80,MCCREARY,401,McCreary County,330,Whitley City Elementary School,80401330,210399001021,SESC,907,277,305,582,0,0,0,4,5,9,0,0,0,0,0,0,0,0,0,4,0,4,285,310,595
20182019,80,MCCREARY,401,McCreary County,,---District Total---,,,SESC,907,1397,1272,2669,11,7,18,17,15,32,4,1,5,1,0,1,0,0,0,8,6,14,1438,1301,2739
20182019,81,MCLEAN,405,McLean County,20,Calhoun Elementary School,81405020,210402001023,GRREC,902,159,129,288,0,2,2,4,9,13,0,0,0,0,0,0,0,0,0,0,0,0,163,140,303
20182019,81,MCLEAN,405,McLean County,50,Livermore Elementary School,81405050,210402001025,GRREC,902,103,106,209,1,2,3,10,5,15,1,0,1,0,0,0,0,0,0,1,1,2,116,114,230
20182019,81,MCLEAN,405,McLean County,70,Marie Gatton Phillips Elementary,81405070,210402001027,GRREC,902,63,40,103,0,0,0,1,1,2,0,0,0,0,0,0,0,0,0,1,0,1,65,41,106
20182019,81,MCLEAN,405,McLean County,65,McLean County High School,81405065,210402001026,GRREC,902,217,215,432,4,2,6,13,1,14,0,1,1,0,0,0,0,0,0,5,0,5,239,219,458
20182019,81,MCLEAN,405,McLean County,75,McLean County Middle School,81405075,210402001140,GRREC,902,166,169,335,0,2,2,3,11,14,1,0,1,0,0,0,0,0,0,0,1,1,170,183,353
20182019,81,MCLEAN,405,McLean County,,---District Total---,,,GRREC,902,708,659,1367,5,8,13,31,27,58,2,1,3,0,0,0,0,0,0,7,2,9,753,697,1450
20182019,82,MEADE,411,Meade County,12,Brandenburg High School,82411012,210405001930,GRREC,902,1,2,3,0,0,0,0,0,0,0,0,0,0,0,0,0,0,0,0,0,0,1,2,3
20182019,82,MEADE,411,Meade County,60,Brandenburg Primary School,82411060,210405001034,GRREC,902,300,291,591,9,7,16,17,13,30,1,4,5,1,1,2,0,0,0,17,20,37,345,336,681
20182019,82,MEADE,411,Meade County,11,David T. Wilson Elementary,82411011,210405001644,GRREC,902,238,204,442,2,3,5,8,7,15,2,0,2,0,0,0,0,0,0,16,20,36,266,234,500
20182019,82,MEADE,411,Meade County,40,Ekron Elementary School,82411040,210405001032,GRREC,902,172,153,325,2,2,4,3,9,12,0,0,0,0,0,0,0,0,0,8,5,13,185,169,354
20182019,82,MEADE,411,Meade County,50,Flaherty Elementary School,82411050,210405001033,GRREC,902,125,128,253,8,4,12,4,9,13,1,0,1,0,0,0,0,0,0,9,15,24,147,156,303
20182019,82,MEADE,411,Meade County,30,Flaherty Primary School,82411030,210405002295,GRREC,902,179,143,322,4,6,10,13,19,32,2,1,3,1,0,1,0,0,0,15,9,24,214,178,392
20182019,82,MEADE,411,Meade County,13,James R. Allen High School,82411013,210405002202,GRREC,902,23,10,33,0,0,0,1,0,1,0,0,0,0,0,0,0,0,0,1,0,1,25,10,35
20182019,82,MEADE,411,Meade County,70,Meade County High School,82411070,210405001035,GRREC,902,716,647,1363,10,6,16,26,19,45,2,10,12,3,3,6,3,2,5,23,18,41,783,705,1488
20182019,82,MEADE,411,Meade County,90,Payneville Elementary School,82411090,210405001037,GRREC,902,123,99,222,0,0,0,3,4,7,0,0,0,0,0,0,1,1,2,5,1,6,132,105,237
20182019,82,MEADE,411,Meade County,15,Stuart Pepper Middle School,82411015,210405001029,GRREC,902,365,329,694,5,4,9,17,9,26,1,3,4,0,1,1,0,0,0,18,19,37,406,365,771
20182019,82,MEADE,411,Meade County,,---District Total---,,,GRREC,902,2242,2006,4248,40,32,72,92,89,181,9,18,27,5,5,10,4,3,7,112,107,219,2504,2260,4764
20182019,83,MENIFEE,415,Menifee County,20,Botts Elementary School,83415020,210408001038,KEDC,903,90,94,184,0,0,0,4,5,9,0,0,0,0,0,0,0,0,0,1,1,2,95,100,195
20182019,83,MENIFEE,415,Menifee County,21,Menifee Co. Academy Alternative School,83415021,210408001864,KEDC,903,14,3,17,6,2,8,3,0,3,0,0,0,0,0,0,0,0,0,1,0,1,24,5,29
20182019,83,MENIFEE,415,Menifee County,90,Menifee County High School,83415090,210408001040,KEDC,903,152,129,281,1,0,1,2,1,3,0,0,0,0,0,0,0,0,0,3,1,4,158,131,289
20182019,83,MENIFEE,415,Menifee County,80,Menifee Elementary School,83415080,210408001039,KEDC,903,229,235,464,0,1,1,4,2,6,0,0,0,0,0,0,0,1,1,2,3,5,235,242,477
20182019,83,MENIFEE,415,Menifee County,,---District Total---,,,KEDC,903,485,461,946,7,3,10,13,8,21,0,0,0,0,0,0,0,1,1,7,5,12,512,478,990
20182019,84,MERCER,421,Mercer County,35,Kenneth D. King Middle School,84421035,210411000482,CKEC,901,261,245,506,11,12,23,17,21,38,2,3,5,0,0,0,0,0,0,20,13,33,311,294,605
20182019,84,MERCER,421,Mercer County,40,Mercer Central,84421040,210411002285,CKEC,901,21,21,42,0,0,0,1,0,1,1,0,1,0,0,0,0,0,0,4,0,4,27,21,48
20182019,84,MERCER,421,Mercer County,27,Mercer County Day Treatment,84421027,210411001491,CKEC,901,7,1,8,0,0,0,0,0,0,0,0,0,0,0,0,0,0,0,0,0,0,7,1,8
20182019,84,MERCER,421,Mercer County,70,Mercer County Elementary School,84421070,210411001042,CKEC,901,277,232,509,10,9,19,13,11,24,2,2,4,0,0,0,0,0,0,19,19,38,321,273,594
20182019,84,MERCER,421,Mercer County,50,Mercer County Intermediate School,84421050,210411002273,CKEC,901,260,259,519,8,14,22,28,19,47,1,4,5,0,0,0,0,0,0,26,17,43,323,313,636
20182019,84,MERCER,421,Mercer County,15,Mercer County Senior High School,84421015,210411002168,CKEC,901,333,305,638,15,20,35,25,18,43,4,2,6,1,0,1,1,0,1,15,17,32,394,362,756
20182019,84,MERCER,421,Mercer County,,---District Total---,,,CKEC,901,1159,1063,2222,44,55,99,84,69,153,10,11,21,1,0,1,1,0,1,84,66,150,1383,1264,2647
20182019,85,METCALFE,425,Metcalfe County,60,Metcalfe County Elementary School,85425060,210414002383,GRREC,902,346,277,623,3,3,6,11,12,23,2,0,2,1,0,1,0,0,0,2,2,4,365,294,659
20182019,85,METCALFE,425,Metcalfe County,50,Metcalfe County High School,85425050,210414001044,GRREC,902,240,215,455,7,2,9,2,6,8,0,2,2,0,0,0,0,0,0,1,1,2,250,226,476
20182019,85,METCALFE,425,Metcalfe County,10,Metcalfe County Middle School,85425010,210414000729,GRREC,902,167,149,316,2,0,2,3,4,7,0,0,0,0,0,0,0,0,0,3,1,4,175,154,329
20182019,85,METCALFE,425,Metcalfe County,,---District Total---,,,GRREC,902,753,641,1394,12,5,17,16,22,38,2,2,4,1,0,1,0,0,0,6,4,10,790,674,1464
20182019,7,BELL,426,Middlesboro Independent,23,Middlesboro Alternative School,7426023,210417001680,SESC,907,20,7,27,6,1,7,1,0,1,0,0,0,0,0,0,0,0,0,0,0,0,27,8,35
20182019,7,BELL,426,Middlesboro Independent,30,Middlesboro Elementary School,7426030,210417001048,SESC,907,166,134,300,6,14,20,8,2,10,0,0,0,1,0,1,0,1,1,19,17,36,200,168,368
20182019,7,BELL,426,Middlesboro Independent,80,Middlesboro High School,7426080,210417001050,SESC,907,159,158,317,14,5,19,1,1,2,2,3,5,0,0,0,0,0,0,6,6,12,182,173,355
20182019,7,BELL,426,Middlesboro Independent,40,Middlesboro Middle School,7426040,210417001049,SESC,907,140,139,279,9,9,18,1,4,5,2,1,3,2,0,2,0,0,0,15,8,23,169,161,330
20182019,7,BELL,426,Middlesboro Independent,,---District Total---,,,SESC,907,485,438,923,35,29,64,11,7,18,4,4,8,3,0,3,0,1,1,40,31,71,578,510,1088
20182019,86,MONROE,431,Monroe County,150,Gamaliel Elementary,86431150,210420001052,GRREC,902,108,98,206,0,0,0,18,6,24,0,0,0,0,2,2,0,0,0,0,0,0,126,106,232
20182019,86,MONROE,431,Monroe County,212,Joe Harrison Carter,86431212,210420001054,GRREC,902,110,114,224,0,0,0,7,4,11,1,0,1,0,0,0,0,0,0,2,2,4,120,120,240
20182019,86,MONROE,431,Monroe County,450,Monroe Co High,86431450,210420001056,GRREC,902,261,213,474,4,5,9,17,12,29,2,1,3,1,0,1,0,0,0,5,3,8,290,234,524
20182019,86,MONROE,431,Monroe County,160,Monroe Co Middle,86431160,210420001053,GRREC,902,203,152,355,4,3,7,15,16,31,0,0,0,1,1,2,0,0,0,5,7,12,228,179,407
20182019,86,MONROE,431,Monroe County,440,Tompkinsville Elem,86431440,210420001055,GRREC,902,164,132,296,6,6,12,18,15,33,0,0,0,0,1,1,0,0,0,6,7,13,194,161,355
20182019,86,MONROE,431,Monroe County,,---District Total---,,,GRREC,902,846,709,1555,14,14,28,75,53,128,3,1,4,2,4,6,0,0,0,18,19,37,958,800,1758
20182019,87,MONTGOMERY,435,Montgomery County,10,Camargo Elementary School,87435010,210425001057,CKEC,901,269,238,507,1,1,2,13,11,24,2,1,3,0,0,0,0,0,0,3,4,7,288,255,543
20182019,87,MONTGOMERY,435,Montgomery County,14,Gateway Children's Services,87435014,210425001868,CKEC,901,8,5,13,0,0,0,0,1,1,0,0,0,0,0,0,0,0,0,2,0,2,10,6,16
20182019,87,MONTGOMERY,435,Montgomery County,13,Hillcrest Hall Treatment Center,87435013,210425001867,CKEC,901,3,0,3,0,0,0,1,0,1,0,0,0,0,0,0,0,0,0,0,0,0,4,0,4
20182019,87,MONTGOMERY,435,Montgomery County,12,Hope Hill Children's Home,87435012,210425001866,CKEC,901,0,2,2,0,0,0,0,0,0,0,0,0,0,0,0,0,0,0,0,0,0,0,2,2
20182019,87,MONTGOMERY,435,Montgomery County,30,Mapleton Elementary School,87435030,210425001058,CKEC,901,214,194,408,1,4,5,11,14,25,2,0,2,1,0,1,0,0,0,7,5,12,236,217,453
20182019,87,MONTGOMERY,435,Montgomery County,70,McNabb Middle School,87435070,210425001538,CKEC,901,467,459,926,14,11,25,40,20,60,3,3,6,1,0,1,0,0,0,19,12,31,544,505,1049
20182019,87,MONTGOMERY,435,Montgomery County,40,Montgomery County High School,87435040,210425001059,CKEC,901,587,557,1144,15,20,35,36,36,72,5,7,12,0,1,1,0,0,0,5,12,17,648,633,1281
20182019,87,MONTGOMERY,435,Montgomery County,50,Mount Sterling Elementary School,87435050,210425001060,CKEC,901,194,176,370,7,5,12,27,19,46,0,1,1,1,0,1,0,0,0,6,9,15,235,210,445
20182019,87,MONTGOMERY,435,Montgomery County,25,Northview Elementary,87435025,,CKEC,901,255,236,491,3,8,11,14,12,26,3,3,6,0,0,0,0,0,0,6,6,12,281,265,546
20182019,87,MONTGOMERY,435,Montgomery County,80,The Sterling School,87435080,210425002317,CKEC,901,29,25,54,1,1,2,0,2,2,0,0,0,0,0,0,0,0,0,0,0,0,30,28,58
20182019,87,MONTGOMERY,435,Montgomery County,,---District Total---,,,CKEC,901,2026,1892,3918,42,50,92,142,115,257,15,15,30,3,1,4,0,0,0,48,48,96,2276,2121,4397
20182019,88,MORGAN,441,Morgan County,50,East Valley Elementary School,88441050,210429001549,KEDC,903,59,68,127,2,1,3,0,0,0,0,0,0,0,0,0,0,0,0,0,0,0,61,69,130
20182019,88,MORGAN,441,Morgan County,90,Ezel Elementary School,88441090,210429001066,KEDC,903,78,40,118,0,0,0,0,0,0,0,0,0,0,0,0,0,0,0,0,0,0,78,40,118
20182019,88,MORGAN,441,Morgan County,15,Morgan Central Elementary School,88441015,210429002194,KEDC,903,175,125,300,2,6,8,0,1,1,0,0,0,0,0,0,0,0,0,0,0,0,177,132,309
20182019,88,MORGAN,441,Morgan County,150,Morgan County High School,88441150,210429001068,KEDC,903,306,255,561,1,2,3,0,3,3,0,1,1,0,1,1,0,0,0,0,0,0,307,262,569
20182019,88,MORGAN,441,Morgan County,140,Morgan County Middle School,88441140,210429001067,KEDC,903,250,217,467,1,1,2,2,1,3,0,1,1,0,0,0,0,1,1,0,1,1,253,222,475
20182019,88,MORGAN,441,Morgan County,230,Woodsbend Youth Development Center,88441230,210429001070,KEDC,903,8,0,8,15,0,15,0,0,0,0,0,0,0,0,0,0,0,0,0,0,0,23,0,23
20182019,88,MORGAN,441,Morgan County,18,Wrigley Elementary School,88441018,210429002214,KEDC,903,150,155,305,0,0,0,1,1,2,0,0,0,0,0,0,0,0,0,0,0,0,151,156,307
20182019,88,MORGAN,441,Morgan County,,---District Total---,,,KEDC,903,1026,860,1886,21,10,31,3,6,9,0,2,2,0,1,1,0,1,1,0,1,1,1050,881,1931
20182019,89,MUHLENBERG,445,Muhlenberg County,10,Bremen Elementary School,89445010,210008101072,WKEC,908,175,149,324,0,0,0,5,7,12,0,1,1,0,0,0,0,0,0,6,5,11,186,162,348
20182019,89,MUHLENBERG,445,Muhlenberg County,30,Central City Elementary,89445030,210008101514,WKEC,908,133,132,265,6,7,13,13,7,20,3,1,4,0,0,0,0,0,0,12,14,26,167,161,328
20182019,89,MUHLENBERG,445,Muhlenberg County,40,Greenville Elementary School,89445040,210008101516,WKEC,908,221,219,440,9,7,16,5,3,8,0,0,0,0,0,0,0,0,0,8,13,21,243,242,485
20182019,89,MUHLENBERG,445,Muhlenberg County,115,Longest Elementary,89445115,210008101080,WKEC,908,192,164,356,2,1,3,3,3,6,1,1,2,0,0,0,0,0,0,8,7,15,206,176,382
20182019,89,MUHLENBERG,445,Muhlenberg County,175,Muhlenberg County High School,89445175,210008102258,WKEC,908,598,551,1149,20,22,42,16,15,31,0,2,2,0,0,0,1,0,1,8,14,22,643,604,1247
20182019,89,MUHLENBERG,445,Muhlenberg County,11,Muhlenberg Job Corps Center,89445011,210008101961,WKEC,908,34,12,46,43,25,68,6,3,9,0,0,0,0,0,0,0,0,0,0,1,1,83,41,124
20182019,89,MUHLENBERG,445,Muhlenberg County,150,Muhlenberg North Middle,89445150,210008101081,WKEC,908,264,242,506,5,2,7,9,9,18,5,2,7,0,1,1,0,0,0,16,8,24,299,264,563
20182019,89,MUHLENBERG,445,Muhlenberg County,12,Muhlenberg South Elementary,89445012,210008101967,WKEC,908,236,208,444,5,2,7,3,2,5,0,1,1,0,0,0,0,0,0,2,9,11,246,222,468
20182019,89,MUHLENBERG,445,Muhlenberg County,45,Muhlenberg South Middle School,89445045,210008101517,WKEC,908,223,217,440,5,5,10,1,5,6,2,0,2,0,2,2,2,0,2,7,6,13,240,235,475
20182019,89,MUHLENBERG,445,Muhlenberg County,35,The Renaissance Center,89445035,210008101515,WKEC,908,44,22,66,1,0,1,0,0,0,0,0,0,0,0,0,0,0,0,4,1,5,49,23,72
20182019,89,MUHLENBERG,445,Muhlenberg County,,---District Total---,,,WKEC,908,2120,1916,4036,96,71,167,61,54,115,11,8,19,0,3,3,3,0,3,71,78,149,2362,2130,4492
20182019,18,CALLOWAY,446,Murray Independent,20,Murray Elementary School,18446020,210438001084,WKEC,908,181,186,367,14,21,35,23,22,45,6,8,14,0,0,0,0,1,1,16,13,29,240,251,491
20182019,18,CALLOWAY,446,Murray Independent,50,Murray High School,18446050,210438001086,WKEC,908,173,173,346,30,12,42,9,16,25,13,11,24,0,0,0,0,0,0,14,11,25,239,223,462
20182019,18,CALLOWAY,446,Murray Independent,30,Murray Middle School,18446030,210438001085,WKEC,908,249,240,489,21,21,42,22,14,36,12,15,27,0,0,0,1,1,2,18,22,40,323,313,636
20182019,18,CALLOWAY,446,Murray Independent,,---District Total---,,,WKEC,908,603,599,1202,65,54,119,54,52,106,31,34,65,0,0,0,1,2,3,48,46,94,802,787,1589
20182019,90,NELSON,451,Nelson County,13,Bloomfield Elementary School,90451013,210441002006,CKEC,901,163,132,295,4,1,5,9,3,12,1,0,1,0,0,0,0,0,0,5,3,8,182,139,321
20182019,90,NELSON,451,Nelson County,10,Bloomfield Middle School,90451010,210441001087,CKEC,901,236,154,390,4,0,4,4,4,8,1,1,2,0,0,0,0,0,0,6,5,11,251,164,415
20182019,90,NELSON,451,Nelson County,30,Boston School,90451030,210441001089,CKEC,901,142,178,320,3,1,4,5,4,9,0,0,0,2,0,2,0,0,0,1,1,2,153,184,337
20182019,90,NELSON,451,Nelson County,50,Coxs Creek Elementary School,90451050,210441001091,CKEC,901,236,210,446,0,1,1,13,5,18,0,0,0,0,0,0,0,0,0,5,3,8,254,219,473
20182019,90,NELSON,451,Nelson County,70,Foster Heights Elementary School,90451070,210441001093,CKEC,901,306,274,580,2,3,5,12,15,27,3,4,7,1,2,3,0,0,0,15,12,27,339,310,649
20182019,90,NELSON,451,Nelson County,100,Nelson County High School,90451100,210441001096,CKEC,901,322,334,656,13,10,23,15,16,31,1,3,4,1,1,2,0,1,1,2,8,10,354,373,727
20182019,90,NELSON,451,Nelson County,90,Old Kentucky Home Middle School,90451090,210441001095,CKEC,901,179,145,324,1,5,6,8,5,13,0,3,3,0,0,0,0,0,0,5,4,9,193,162,355
20182019,90,NELSON,451,Nelson County,19,The Academy at Horizons,90451019,210441002212,CKEC,901,57,37,94,1,1,2,1,2,3,1,0,1,0,0,0,0,0,0,1,1,2,61,41,102
20182019,90,NELSON,451,Nelson County,11,The New Haven School,90451011,210441001937,CKEC,901,196,137,333,1,1,2,1,3,4,0,0,0,0,0,0,0,0,0,0,1,1,198,142,340
20182019,90,NELSON,451,Nelson County,101,Thomas Nelson High School,90451101,210441002324,CKEC,901,312,300,612,5,3,8,6,7,13,3,6,9,0,0,0,1,0,1,5,4,9,332,320,652
20182019,90,NELSON,451,Nelson County,,---District Total---,,,CKEC,901,2149,1901,4050,34,26,60,74,64,138,10,17,27,4,3,7,1,1,2,45,42,87,2317,2054,4371
20182019,19,CAMPBELL,452,Newport Independent,70,Newport High School,19452070,210444001103,NKCES,905,174,158,332,57,49,106,34,35,69,0,1,1,0,0,0,0,0,0,43,37,80,308,280,588
20182019,19,CAMPBELL,452,Newport Independent,40,Newport Intermediate School,19452040,210444001100,NKCES,905,109,136,245,52,49,101,36,41,77,0,0,0,0,1,1,0,0,0,39,28,67,236,255,491
20182019,19,CAMPBELL,452,Newport Independent,20,Newport Primary School,19452020,210444001099,NKCES,905,99,93,192,21,38,59,25,26,51,0,0,0,0,0,0,0,0,0,39,22,61,184,179,363
20182019,19,CAMPBELL,452,Newport Independent,18,Newport Regional School,19452018,210444002401,NKCES,905,7,1,8,6,0,6,2,0,2,0,0,0,0,0,0,0,0,0,0,0,0,15,1,16
20182019,19,CAMPBELL,452,Newport Independent,,---District Total---,,,NKCES,905,389,388,777,136,136,272,97,102,199,0,1,1,0,1,1,0,0,0,121,87,208,743,715,1458
20182019,91,NICHOLAS,455,Nicholas County,20,Nicholas County Elementary School,91455020,210447001106,CKEC,901,259,258,517,2,0,2,14,16,30,1,0,1,0,0,0,0,0,0,2,0,2,278,274,552
20182019,91,NICHOLAS,455,Nicholas County,30,Nicholas County High School,91455030,210447001107,CKEC,901,221,209,430,2,0,2,7,13,20,0,3,3,0,0,0,0,0,0,1,6,7,231,231,462
20182019,91,NICHOLAS,455,Nicholas County,,---District Total---,,,CKEC,901,480,467,947,4,0,4,21,29,50,1,3,4,0,0,0,0,0,0,3,6,9,509,505,1014
20182019,92,OHIO,461,Ohio County,10,Beaver Dam Elementary School,92461010,210450001108,GRREC,902,208,193,401,4,1,5,63,64,127,1,2,3,0,0,0,0,0,0,6,5,11,282,265,547
20182019,92,OHIO,461,Ohio County,90,Fordsville Elementary School,92461090,210450001112,GRREC,902,118,90,208,2,0,2,3,8,11,0,0,0,0,0,0,0,0,0,2,1,3,125,99,224
20182019,92,OHIO,461,Ohio County,140,Horse Branch Elementary School,92461140,210450001115,GRREC,902,88,87,175,0,0,0,4,1,5,0,0,0,0,0,0,0,0,0,2,2,4,94,90,184
20182019,92,OHIO,461,Ohio County,12,Ohio County Alternative Learning Program,92461012,210450002353,GRREC,902,20,12,32,0,0,0,2,0,2,0,0,0,1,0,1,0,0,0,1,0,1,24,12,36
20182019,92,OHIO,461,Ohio County,11,Ohio County Day Treatment,92461011,210450002361,GRREC,902,14,4,18,0,0,0,2,1,3,0,0,0,0,0,0,0,0,0,0,0,0,16,5,21
20182019,92,OHIO,461,Ohio County,155,Ohio County High School,92461155,210450001116,GRREC,902,486,444,930,8,5,13,64,37,101,0,0,0,1,0,1,0,0,0,7,6,13,566,492,1058
20182019,92,OHIO,461,Ohio County,110,Ohio County Middle School,92461110,210450001114,GRREC,902,329,320,649,4,0,4,25,28,53,0,2,2,0,0,0,0,0,0,4,1,5,362,351,713
20182019,92,OHIO,461,Ohio County,170,Southern Elementary School,92461170,210450001118,GRREC,902,148,141,289,2,1,3,5,7,12,0,0,0,0,0,0,0,0,0,1,0,1,156,149,305
20182019,92,OHIO,461,Ohio County,190,Wayland Alexander Elementary School,92461190,210450001119,GRREC,902,303,272,575,1,1,2,18,19,37,2,2,4,0,0,0,0,0,0,7,3,10,331,297,628
20182019,92,OHIO,461,Ohio County,200,Western Elementary School,92461200,210450001120,GRREC,902,142,126,268,0,0,0,3,9,12,0,0,0,0,0,0,0,0,0,7,8,15,152,143,295
20182019,92,OHIO,461,Ohio County,,---District Total---,,,GRREC,902,1856,1689,3545,21,8,29,189,174,363,3,6,9,2,0,2,0,0,0,37,26,63,2108,1903,4011
20182019,93,OLDHAM,465,Oldham County,80,Buckner Alternative High School,93465080,210453000735,OVEC,906,19,17,36,4,0,4,1,0,1,0,0,0,0,0,0,0,0,0,3,2,5,27,19,46
20182019,93,OLDHAM,465,Oldham County,7,Buckner Elementary School,93465007,210453001817,OVEC,906,267,252,519,5,2,7,15,14,29,0,0,0,0,0,0,0,0,0,15,1,16,302,269,571
20182019,93,OLDHAM,465,Oldham County,5,Camden Station Elementary School,93465005,210453001597,OVEC,906,228,220,448,6,7,13,16,17,33,4,4,8,0,0,0,0,0,0,10,10,20,264,258,522
20182019,93,OLDHAM,465,Oldham County,10,Centerfield Elementary School,93465010,210453001121,OVEC,906,223,223,446,5,6,11,20,13,33,1,2,3,0,1,1,0,0,0,16,16,32,265,261,526
20182019,93,OLDHAM,465,Oldham County,20,Crestwood Elementary School,93465020,210453001122,OVEC,906,261,213,474,4,3,7,31,31,62,2,2,4,0,0,0,0,0,0,19,14,33,317,263,580
20182019,93,OLDHAM,465,Oldham County,15,East Oldham Middle School,93465015,210453002009,OVEC,906,336,268,604,9,2,11,19,16,35,5,8,13,1,1,2,0,0,0,14,10,24,384,305,689
20182019,93,OLDHAM,465,Oldham County,25,Goshen At Hillcrest Elementary School,93465025,210453001432,OVEC,906,272,299,571,2,5,7,19,18,37,22,16,38,0,1,1,0,0,0,14,14,28,329,353,682
20182019,93,OLDHAM,465,Oldham County,14,Harmony Elementary School,93465014,210453002008,OVEC,906,302,289,591,2,3,5,5,9,14,8,3,11,0,0,0,1,0,1,10,12,22,328,316,644
20182019,93,OLDHAM,465,Oldham County,13,Kenwood Station Elementary School,93465013,210453002007,OVEC,906,269,318,587,3,11,14,14,7,21,4,5,9,0,0,0,0,0,0,19,10,29,309,351,660
20182019,93,OLDHAM,465,Oldham County,30,LaGrange Elementary School,93465030,210453001123,OVEC,906,170,148,318,5,12,17,52,49,101,0,0,0,1,0,1,0,0,0,9,10,19,237,219,456
20182019,93,OLDHAM,465,Oldham County,28,Locust Grove Elementary School,93465028,210453002196,OVEC,906,339,327,666,9,8,17,22,18,40,9,8,17,2,2,4,1,0,1,20,11,31,402,374,776
20182019,93,OLDHAM,465,Oldham County,12,North Oldham High School,93465012,210453001953,OVEC,906,471,465,936,7,7,14,24,19,43,25,34,59,0,0,0,0,1,1,8,12,20,535,538,1073
20182019,93,OLDHAM,465,Oldham County,350,North Oldham Middle School,93465350,210453001552,OVEC,906,354,319,673,6,2,8,14,19,33,21,18,39,1,1,2,0,0,0,12,14,26,408,373,781
20182019,93,OLDHAM,465,Oldham County,60,Oldham County High School,93465060,210453001125,OVEC,906,706,645,1351,23,30,53,78,66,144,6,15,21,1,4,5,0,0,0,27,25,52,841,785,1626
20182019,93,OLDHAM,465,Oldham County,70,Oldham County Middle School,93465070,210453001126,OVEC,906,313,320,633,6,5,11,47,57,104,3,8,11,0,1,1,0,0,0,20,16,36,389,407,796
20182019,93,OLDHAM,465,Oldham County,95,South Oldham High School,93465095,210453001620,OVEC,906,583,595,1178,22,23,45,34,29,63,17,25,42,1,1,2,0,0,0,19,20,39,676,693,1369
20182019,93,OLDHAM,465,Oldham County,90,South Oldham Middle School,93465090,210453001433,OVEC,906,313,334,647,9,15,24,20,28,48,10,15,25,1,2,3,0,0,0,20,19,39,373,413,786
20182019,93,OLDHAM,465,Oldham County,,---District Total---,,,OVEC,906,5426,5252,10678,127,141,268,431,410,841,137,163,300,8,14,22,2,1,3,255,216,471,6386,6197,12583
20182019,94,OWEN,471,Owen County,78,Maurice Bowling Middle School,94471078,210456001539,OVEC,906,260,284,544,1,0,1,15,14,29,0,3,3,0,0,0,0,0,0,5,7,12,281,308,589
20182019,94,OWEN,471,Owen County,75,Owen County Elementary/Primary School,94471075,210456001127,OVEC,906,320,270,590,1,3,4,14,13,27,0,1,1,0,0,0,0,0,0,5,3,8,340,290,630
20182019,94,OWEN,471,Owen County,80,Owen County High School,94471080,210456001128,OVEC,906,258,292,550,1,1,2,12,14,26,2,2,4,0,0,0,0,0,0,6,4,10,279,313,592
20182019,94,OWEN,471,Owen County,,---District Total---,,,OVEC,906,838,846,1684,3,4,7,41,41,82,2,6,8,0,0,0,0,0,0,16,14,30,900,911,1811
20182019,30,DAVIESS,472,Owensboro Independent,10,Cravens Elementary School,30472010,210459001129,GRREC,902,96,85,181,45,27,72,18,17,35,0,0,0,1,1,2,0,0,0,22,19,41,182,149,331
20182019,30,DAVIESS,472,Owensboro Independent,15,Emerson Academy,30472015,210459002011,GRREC,902,24,21,45,6,9,15,4,1,5,0,0,0,0,0,0,0,0,0,4,1,5,38,32,70
20182019,30,DAVIESS,472,Owensboro Independent,30,Estes Elementary School,30472030,210459001130,GRREC,902,131,129,260,29,25,54,70,66,136,1,0,1,0,0,0,0,0,0,30,35,65,261,255,516
20182019,30,DAVIESS,472,Owensboro Independent,60,Foust Elementary School,30472060,210459001132,GRREC,902,88,85,173,31,34,65,29,33,62,39,26,65,0,0,0,0,0,0,39,32,71,226,210,436
20182019,30,DAVIESS,472,Owensboro Independent,100,Newton Parrish Elementary School,30472100,210459001135,GRREC,902,215,158,373,22,17,39,16,12,28,0,1,1,0,0,0,0,0,0,40,36,76,293,224,517
20182019,30,DAVIESS,472,Owensboro Independent,110,Owensboro High School,30472110,210459001136,GRREC,902,405,395,800,103,82,185,56,56,112,16,29,45,0,0,0,0,2,2,46,62,108,626,626,1252
20182019,30,DAVIESS,472,Owensboro Independent,102,Owensboro Innovation Middle School,30472102,210459002304,GRREC,902,124,124,248,28,28,56,23,21,44,4,4,8,0,0,0,0,0,0,24,26,50,203,203,406
20182019,30,DAVIESS,472,Owensboro Independent,108,Owensboro Middle School,30472108,210459002305,GRREC,902,212,218,430,61,51,112,38,30,68,10,16,26,0,1,1,1,0,1,44,40,84,366,356,722
20182019,30,DAVIESS,472,Owensboro Independent,140,Sutton Elementary School,30472140,210459001139,GRREC,902,216,188,404,12,15,27,15,9,24,3,0,3,0,0,0,0,0,0,16,16,32,262,228,490
20182019,30,DAVIESS,472,Owensboro Independent,,---District Total---,,,GRREC,902,1511,1403,2914,337,288,625,269,245,514,73,76,149,1,2,3,1,2,3,265,267,532,2457,2283,4740
20182019,95,OWSLEY,475,Owsley County,20,Owsley County Elementary School,95475020,210462001142,KVEC,904,138,139,277,0,0,0,3,2,5,0,0,0,0,0,0,0,0,0,0,2,2,141,143,284
20182019,95,OWSLEY,475,Owsley County,80,Owsley County High School,95475080,210462001143,KVEC,904,205,174,379,0,1,1,3,1,4,0,0,0,0,0,0,0,0,0,0,2,2,208,178,386
20182019,95,OWSLEY,475,Owsley County,,---District Total---,,,KVEC,904,343,313,656,0,1,1,6,3,9,0,0,0,0,0,0,0,0,0,0,4,4,349,321,670
20182019,79,MCCRACKEN,476,Paducah Independent,16,Choices Educational Center,79476016,210465002364,WKEC,908,10,2,12,19,15,34,0,1,1,0,0,0,0,0,0,0,0,0,6,0,6,35,18,53
20182019,79,MCCRACKEN,476,Paducah Independent,20,Clark Elementary School,79476020,210465001146,WKEC,908,193,179,372,75,81,156,9,20,29,3,2,5,0,0,0,0,0,0,28,33,61,308,315,623
20182019,79,MCCRACKEN,476,Paducah Independent,80,McNabb Elementary School,79476080,210465001150,WKEC,908,37,36,73,102,125,227,11,12,23,0,1,1,0,0,0,0,0,0,27,24,51,177,198,375
20182019,79,MCCRACKEN,476,Paducah Independent,150,Morgan Elementary School,79476150,210465001152,WKEC,908,77,67,144,80,80,160,18,25,43,0,0,0,1,0,1,1,0,1,21,31,52,198,203,401
20182019,79,MCCRACKEN,476,Paducah Independent,10,Paducah Middle School,79476010,210465001144,WKEC,908,145,136,281,126,122,248,28,18,46,0,2,2,0,0,0,0,0,0,37,31,68,336,309,645
20182019,79,MCCRACKEN,476,Paducah Independent,170,Paducah Tilghman High School,79476170,210465001154,WKEC,908,155,171,326,152,147,299,27,22,49,3,4,7,0,0,0,0,0,0,31,29,60,368,373,741
20182019,79,MCCRACKEN,476,Paducah Independent,,---District Total---,,,WKEC,908,617,591,1208,554,570,1124,93,98,191,6,9,15,1,0,1,1,0,1,150,148,298,1422,1416,2838
20182019,58,JOHNSON,477,Paintsville Independent,11,Carl D Perkins Job Corps Academy Alt Sch,58477011,210468001927,KEDC,903,10,1,11,18,4,22,2,1,3,0,0,0,0,0,0,0,0,0,1,0,1,31,6,37
20182019,58,JOHNSON,477,Paintsville Independent,10,Paintsville Elementary School,58477010,210468001155,KEDC,903,208,182,390,0,0,0,2,3,5,4,5,9,0,0,0,0,0,0,2,1,3,216,191,407
20182019,58,JOHNSON,477,Paintsville Independent,20,Paintsville High School,58477020,210468001156,KEDC,903,178,152,330,2,0,2,2,0,2,4,1,5,0,0,0,1,0,1,1,1,2,188,154,342
20182019,58,JOHNSON,477,Paintsville Independent,,---District Total---,,,KEDC,903,396,335,731,20,4,24,6,4,10,8,6,14,0,0,0,1,0,1,4,2,6,435,351,786
20182019,9,BOURBON,478,Paris Independent,10,Paris Elementary School,9478010,210471001157,CKEC,901,77,76,153,26,14,40,21,39,60,0,0,0,1,0,1,1,0,1,28,22,50,154,151,305
20182019,9,BOURBON,478,Paris Independent,20,Paris High School,9478020,210471001158,CKEC,901,48,42,90,29,20,49,16,12,28,0,1,1,0,1,1,0,0,0,9,14,23,102,90,192
20182019,9,BOURBON,478,Paris Independent,30,Paris Middle School,9478030,210471001159,CKEC,901,41,45,86,14,8,22,15,8,23,0,0,0,0,0,0,0,0,0,9,10,19,79,71,150
20182019,9,BOURBON,478,Paris Independent,,---District Total---,,,CKEC,901,166,163,329,69,42,111,52,59,111,0,1,1,1,1,2,1,0,1,46,46,92,335,312,647
20182019,96,PENDLETON,481,Pendleton County,60,Northern Elementary School,96481060,210474001160,NKCES,905,275,189,464,1,2,3,1,3,4,0,1,1,0,0,0,0,0,0,8,3,11,285,198,483
20182019,96,PENDLETON,481,Pendleton County,70,Pendleton County High School,96481070,210474001161,NKCES,905,353,357,710,7,4,11,6,1,7,0,4,4,2,1,3,0,0,0,10,6,16,378,373,751
20182019,96,PENDLETON,481,Pendleton County,61,Phillip Sharp Middle School,96481061,210474001646,NKCES,905,268,232,500,4,5,9,3,3,6,1,1,2,0,0,0,0,0,0,5,8,13,281,249,530
20182019,96,PENDLETON,481,Pendleton County,80,Southern Elementary School,96481080,210474001163,NKCES,905,253,238,491,4,4,8,2,4,6,1,1,2,0,0,0,0,0,0,2,9,11,262,256,518
20182019,96,PENDLETON,481,Pendleton County,,---District Total---,,,NKCES,905,1149,1016,2165,16,15,31,12,11,23,2,7,9,2,1,3,0,0,0,25,26,51,1206,1076,2282
20182019,97,PERRY,485,Perry County,10,Buckhorn Childrens Center,97485010,210477002422,KVEC,904,0,19,19,0,4,4,0,1,1,0,0,0,0,0,0,0,0,0,0,2,2,0,26,26
20182019,97,PERRY,485,Perry County,130,Buckhorn School,97485130,210477001166,KVEC,904,155,152,307,1,4,5,0,4,4,0,0,0,1,0,1,0,0,0,2,1,3,159,161,320
20182019,97,PERRY,485,Perry County,200,East Perry County Elementary School,97485200,210477002354,KVEC,904,364,295,659,2,3,5,6,4,10,2,1,3,0,0,0,0,0,0,10,3,13,384,306,690
20182019,97,PERRY,485,Perry County,140,Learning Academy,97485140,210477002398,KVEC,904,37,18,55,1,0,1,0,0,0,0,0,0,0,0,0,0,0,0,0,1,1,38,19,57
20182019,97,PERRY,485,Perry County,480,Leatherwood Elementary School,97485480,210477001170,KVEC,904,66,70,136,0,0,0,1,0,1,0,1,1,0,0,0,0,0,0,1,0,1,68,71,139
20182019,97,PERRY,485,Perry County,190,Perry County Alternative School,97485190,210477002387,KVEC,904,5,1,6,0,0,0,0,0,0,0,0,0,0,0,0,0,0,0,0,0,0,5,1,6
20182019,97,PERRY,485,Perry County,250,Perry County Central High School,97485250,210477000755,KVEC,904,421,378,799,7,4,11,1,1,2,0,1,1,0,0,0,0,0,0,5,2,7,434,386,820
20182019,97,PERRY,485,Perry County,635,Robert W Combs Elementary School,97485635,210477001174,KVEC,904,213,166,379,1,1,2,1,1,2,1,0,1,0,0,0,0,0,0,1,0,1,217,168,385
20182019,97,PERRY,485,Perry County,640,Robinson Elementary School,97485640,210477001175,KVEC,904,137,115,252,0,0,0,1,4,5,0,0,0,0,0,0,0,0,0,0,0,0,138,119,257
20182019,97,PERRY,485,Perry County,890,Viper Elementary School,97485890,210477001177,KVEC,904,125,121,246,0,2,2,6,4,10,0,0,0,0,0,0,0,0,0,2,0,2,133,127,260
20182019,97,PERRY,485,Perry County,898,West Perry Elementary School,97485898,,KVEC,904,369,350,719,6,4,10,4,2,6,4,2,6,1,1,2,0,2,2,2,5,7,386,366,752
20182019,97,PERRY,485,Perry County,,---District Total---,,,KVEC,904,1892,1685,3577,18,22,40,20,21,41,7,5,12,2,1,3,0,2,2,23,14,37,1962,1750,3712
20182019,98,PIKE,491,Pike County,51,Belfry Elementary,98491051,210480001647,KVEC,904,252,256,508,6,2,8,4,6,10,0,1,1,1,0,1,0,0,0,5,6,11,268,271,539
20182019,98,PIKE,491,Pike County,90,Belfry High School,98491090,210480001179,KVEC,904,305,251,556,5,3,8,0,3,3,2,3,5,0,0,0,0,0,0,9,3,12,321,263,584
20182019,98,PIKE,491,Pike County,58,Belfry Middle School,98491058,210480002013,KVEC,904,192,191,383,6,6,12,1,6,7,2,1,3,0,1,1,0,0,0,4,2,6,205,207,412
20182019,98,PIKE,491,Pike County,130,Bevins Elementary School,98491130,210480001180,KVEC,904,114,82,196,1,2,3,2,0,2,0,0,0,0,0,0,0,0,0,4,0,4,121,84,205
20182019,98,PIKE,491,Pike County,250,Dorton Elementary School,98491250,210480001183,KVEC,904,129,129,258,0,1,1,0,1,1,0,0,0,0,0,0,0,0,0,1,1,2,130,132,262
20182019,98,PIKE,491,Pike County,54,East Ridge High School,98491054,210480001948,KVEC,904,237,229,466,2,0,2,0,0,0,0,0,0,0,0,0,0,0,0,1,1,2,240,230,470
20182019,98,PIKE,491,Pike County,300,Elkhorn City Elementary School,98491300,210480001185,KVEC,904,206,220,426,0,1,1,1,1,2,0,0,0,0,0,0,0,0,0,2,1,3,209,223,432
20182019,98,PIKE,491,Pike County,57,Feds Creek Elementary School,98491057,210480002012,KVEC,904,95,76,171,0,1,1,0,0,0,0,0,0,0,0,0,0,0,0,0,0,0,95,77,172
20182019,98,PIKE,491,Pike County,620,Johns Creek Elementary School,98491620,210480001195,KVEC,904,292,316,608,1,0,1,3,0,3,1,1,2,0,0,0,0,0,0,4,5,9,301,322,623
20182019,98,PIKE,491,Pike County,650,Kimper Elementary School,98491650,210480001197,KVEC,904,69,64,133,0,0,0,0,0,0,0,0,0,0,0,0,0,0,0,1,1,2,70,65,135
20182019,98,PIKE,491,Pike County,59,Millard School,98491059,210480002240,KVEC,904,290,306,596,2,4,6,2,3,5,0,0,0,0,0,0,0,0,0,4,2,6,298,315,613
20182019,98,PIKE,491,Pike County,950,Mullins Elementary School,98491950,210480001202,KVEC,904,368,354,722,4,7,11,2,3,5,7,4,11,0,1,1,0,0,0,10,7,17,391,376,767
20182019,98,PIKE,491,Pike County,10,Northpoint Academy,98491010,210480002256,KVEC,904,37,14,51,0,0,0,0,0,0,0,0,0,0,0,0,0,0,0,0,0,0,37,14,51
20182019,98,PIKE,491,Pike County,952,Phelps Elementary School,98491952,210480001203,KVEC,904,173,185,358,0,1,1,7,3,10,0,0,0,0,0,0,0,0,0,3,1,4,183,190,373
20182019,98,PIKE,491,Pike County,954,Phelps High School,98491954,210480001204,KVEC,904,148,150,298,2,2,4,0,2,2,0,0,0,0,0,0,0,0,0,0,0,0,150,154,304
20182019,98,PIKE,491,Pike County,190,Pike County Central High School,98491190,210480000505,KVEC,904,314,301,615,4,1,5,0,2,2,0,1,1,0,0,0,0,0,0,2,0,2,320,305,625
20182019,98,PIKE,491,Pike County,15,Pike County Day Treatment,98491015,,KVEC,904,17,6,23,1,0,1,1,0,1,0,0,0,0,0,0,0,0,0,0,0,0,19,6,25
20182019,98,PIKE,491,Pike County,980,Shelby Valley High School,98491980,210480001686,KVEC,904,273,260,533,1,0,1,1,2,3,0,0,0,0,0,0,0,0,0,0,2,2,275,264,539
20182019,98,PIKE,491,Pike County,60,Valley Elementary School,98491060,210480002296,KVEC,904,422,401,823,1,3,4,5,4,9,0,0,0,0,0,0,0,0,0,6,1,7,434,409,843
20182019,98,PIKE,491,Pike County,,---District Total---,,,KVEC,904,3933,3791,7724,36,34,70,29,36,65,12,11,23,1,2,3,0,0,0,56,33,89,4067,3907,7974
20182019,98,PIKE,492,Pikeville Independent,20,Pikeville Elementary School,98492020,210483001213,KVEC,904,297,277,574,4,6,10,9,3,12,8,8,16,0,0,0,0,0,0,7,7,14,325,301,626
20182019,98,PIKE,492,Pikeville Independent,30,Pikeville High School,98492030,210483001214,KVEC,904,272,224,496,7,5,12,4,7,11,6,10,16,0,0,0,2,1,3,5,6,11,296,253,549
20182019,98,PIKE,492,Pikeville Independent,,---District Total---,,,KVEC,904,569,501,1070,11,11,22,13,10,23,14,18,32,0,0,0,2,1,3,12,13,25,621,554,1175
20182019,7,BELL,493,Pineville Independent,30,Pineville Independent School,7493030,210486002393,SESC,907,275,256,531,4,0,4,1,1,2,0,0,0,0,0,0,0,0,0,5,6,11,285,263,548
20182019,7,BELL,493,Pineville Independent,,---District Total---,,,SESC,907,275,256,531,4,0,4,1,1,2,0,0,0,0,0,0,0,0,0,5,6,11,285,263,548
20182019,99,POWELL,495,Powell County,10,Bowen Elementary School,99495010,210489001217,CKEC,901,102,87,189,2,0,2,2,5,7,0,0,0,0,0,0,0,0,0,1,1,2,107,93,200
20182019,99,POWELL,495,Powell County,20,Clay City Elementary School,99495020,210489001219,CKEC,901,217,204,421,1,1,2,2,2,4,0,0,0,0,0,0,0,0,0,2,2,4,222,209,431
20182019,99,POWELL,495,Powell County,12,Powell County Academy,99495012,210489002360,CKEC,901,18,6,24,1,0,1,0,0,0,0,0,0,0,0,0,0,0,0,0,0,0,19,6,25
20182019,99,POWELL,495,Powell County,40,Powell County High School,99495040,210489001220,CKEC,901,298,307,605,7,1,8,7,6,13,2,1,3,0,0,0,0,0,0,4,1,5,318,316,634
20182019,99,POWELL,495,Powell County,15,Powell County Middle School,99495015,210489001218,CKEC,901,278,247,525,4,1,5,4,8,12,0,0,0,0,0,0,0,0,0,5,2,7,291,258,549
20182019,99,POWELL,495,Powell County,60,Stanton Elementary School,99495060,210489001221,CKEC,901,161,154,315,2,2,4,4,4,8,0,0,0,0,0,0,0,0,0,4,2,6,171,162,333
20182019,99,POWELL,495,Powell County,,---District Total---,,,CKEC,901,1074,1005,2079,17,5,22,19,25,44,2,1,3,0,0,0,0,0,0,16,8,24,1128,1044,2172
20182019,100,PULASKI,501,Pulaski County,70,Burnside Elementary School,100501070,210495001225,SESC,907,189,177,366,0,0,0,5,7,12,0,0,0,0,0,0,0,0,0,3,6,9,197,190,387
20182019,100,PULASKI,501,Pulaski County,180,Eubank Elementary School,100501180,210495001227,SESC,907,149,141,290,0,1,1,14,9,23,0,0,0,1,0,1,0,0,0,0,2,2,164,153,317
20182019,100,PULASKI,501,Pulaski County,280,Nancy Elementary School,100501280,210495001231,SESC,907,199,180,379,1,1,2,2,2,4,1,1,2,0,0,0,0,0,0,1,0,1,204,184,388
20182019,100,PULASKI,501,Pulaski County,560,Northern Elementary School,100501560,210495001238,SESC,907,218,172,390,2,1,3,11,7,18,0,1,1,0,1,1,0,0,0,4,7,11,235,189,424
20182019,100,PULASKI,501,Pulaski County,395,Northern Middle School,100501395,210495001573,SESC,907,412,394,806,6,2,8,13,22,35,2,0,2,0,1,1,0,1,1,5,8,13,438,428,866
20182019,100,PULASKI,501,Pulaski County,420,Oak Hill Elementary School,100501420,210495000779,SESC,907,241,217,458,1,3,4,10,14,24,4,9,13,0,0,0,0,0,0,8,9,17,264,252,516
20182019,100,PULASKI,501,Pulaski County,380,Pulaski County High School,100501380,210495001233,SESC,907,570,544,1114,1,4,5,31,18,49,5,3,8,0,0,0,0,0,0,8,7,15,615,576,1191
20182019,100,PULASKI,501,Pulaski County,71,Pulaski Day Treatment~Eagle Academy,100501071,210495001554,SESC,907,43,3,46,5,0,5,3,0,3,0,0,0,0,0,0,1,0,1,4,0,4,56,3,59
20182019,100,PULASKI,501,Pulaski County,385,Pulaski Elementary School,100501385,210495001234,SESC,907,283,265,548,1,4,5,15,27,42,1,1,2,1,0,1,0,0,0,8,4,12,309,301,610
20182019,100,PULASKI,501,Pulaski County,440,Shopville Elementary School,100501440,210495001235,SESC,907,138,163,301,1,3,4,8,3,11,0,0,0,1,0,1,1,0,1,2,5,7,151,174,325
20182019,100,PULASKI,501,Pulaski County,570,Southern Elementary School,100501570,210495001464,SESC,907,312,286,598,5,3,8,23,24,47,7,5,12,2,0,2,0,0,0,10,5,15,359,323,682
20182019,100,PULASKI,501,Pulaski County,390,Southern Middle School,100501390,210495001572,SESC,907,499,483,982,6,8,14,20,19,39,3,11,14,0,0,0,0,0,0,7,14,21,535,535,1070
20182019,100,PULASKI,501,Pulaski County,400,Southwestern High School,100501400,210495000506,SESC,907,590,581,1171,6,6,12,32,21,53,8,7,15,0,2,2,0,0,0,9,6,15,645,623,1268
20182019,100,PULASKI,501,Pulaski County,,---District Total---,,,SESC,907,3843,3606,7449,35,36,71,187,173,360,31,38,69,5,4,9,2,1,3,69,73,142,4172,3931,8103
20182019,45,GREENUP,502,Raceland-Worthington Independent,10,Campbell Elementary School,45502010,210498001239,KEDC,903,121,140,261,1,0,1,2,3,5,0,0,0,0,0,0,0,0,0,2,4,6,126,147,273
20182019,45,GREENUP,502,Raceland-Worthington Independent,20,Raceland-Worthington High School,45502020,210498001240,KEDC,903,224,227,451,3,4,7,1,0,1,1,1,2,0,0,0,0,0,0,4,2,6,233,234,467
20182019,45,GREENUP,502,Raceland-Worthington Independent,160,Raceland-Worthington Schools Campus A,45502160,210498001465,KEDC,903,11,4,15,3,0,3,0,0,0,0,0,0,0,0,0,0,0,0,0,0,0,14,4,18
20182019,45,GREENUP,502,Raceland-Worthington Independent,11,Raceland-Worthington Schools Campus B,45502011,210498002015,KEDC,903,3,0,3,0,0,0,0,0,0,0,0,0,0,0,0,0,0,0,2,0,2,5,0,5
20182019,45,GREENUP,502,Raceland-Worthington Independent,30,Worthington Elementary School,45502030,210498001241,KEDC,903,102,111,213,1,1,2,3,3,6,0,0,0,0,0,0,0,0,0,4,1,5,110,116,226
20182019,45,GREENUP,502,Raceland-Worthington Independent,,---District Total---,,,KEDC,903,461,482,943,8,5,13,6,6,12,1,1,2,0,0,0,0,0,0,12,7,19,488,501,989
20182019,101,ROBERTSON,505,Robertson County,10,Robertson County School,101505010,210504001246,KEDC,903,187,195,382,1,2,3,6,0,6,0,0,0,0,0,0,0,0,0,0,2,2,194,199,393
20182019,101,ROBERTSON,505,Robertson County,,---District Total---,,,KEDC,903,187,195,382,1,2,3,6,0,6,0,0,0,0,0,0,0,0,0,0,2,2,194,199,393
20182019,102,ROCKCASTLE,511,Rockcastle County,20,Brodhead Elementary School,102511020,210507001249,SESC,907,169,210,379,0,1,1,2,4,6,1,0,1,0,0,0,0,0,0,2,4,6,174,219,393
20182019,102,ROCKCASTLE,511,Rockcastle County,170,Mt. Vernon Elementary,102511170,210507001251,SESC,907,288,254,542,1,3,4,6,5,11,0,0,0,0,0,0,0,0,0,5,5,10,300,267,567
20182019,102,ROCKCASTLE,511,Rockcastle County,22,Rockcastle Academy for Academic Achievement,102511022,210507001906,SESC,907,10,15,25,0,0,0,0,1,1,0,0,0,0,0,0,0,0,0,0,0,0,10,16,26
20182019,102,ROCKCASTLE,511,Rockcastle County,310,Rockcastle County High School,102511310,210507001252,SESC,907,414,387,801,3,4,7,4,1,5,0,2,2,1,1,2,0,0,0,4,2,6,426,397,823
20182019,102,ROCKCASTLE,511,Rockcastle County,100,Rockcastle County Middle School,102511100,210507000782,SESC,907,283,319,602,4,2,6,6,3,9,1,0,1,0,0,0,0,0,0,1,4,5,295,328,623
20182019,102,ROCKCASTLE,511,Rockcastle County,320,Roundstone Elementary School,102511320,210507001253,SESC,907,122,112,234,1,0,1,2,3,5,0,0,0,0,0,0,0,0,0,2,3,5,127,118,245
20182019,102,ROCKCASTLE,511,Rockcastle County,,---District Total---,,,SESC,907,1286,1297,2583,9,10,19,20,17,37,2,2,4,1,1,2,0,0,0,14,18,32,1332,1345,2677
20182019,103,ROWAN,515,Rowan County,132,Bluegrass Discovery Academy High,103515132,210510002342,KEDC,903,18,1,19,2,0,2,0,0,0,0,0,0,0,0,0,0,0,0,0,0,0,20,1,21
20182019,103,ROWAN,515,Rowan County,133,Bluegrass Discovery Academy Middle,103515133,210510002336,KEDC,903,10,6,16,0,0,0,0,0,0,0,0,0,0,0,0,0,0,0,0,0,0,10,6,16
20182019,103,ROWAN,515,Rowan County,40,Clearfield Elementary School,103515040,210510001254,KEDC,903,174,142,316,0,0,0,4,6,10,0,0,0,0,0,0,0,0,0,2,2,4,180,150,330
20182019,103,ROWAN,515,Rowan County,43,McBrayer Elementary School,103515043,210510002016,KEDC,903,247,238,485,4,2,6,7,7,14,7,0,7,0,0,0,0,0,0,4,7,11,269,254,523
20182019,103,ROWAN,515,Rowan County,130,Morehead Youth Development Center,103515130,210510001258,KEDC,903,0,2,2,0,2,2,0,0,0,0,0,0,0,0,0,0,0,0,0,0,0,0,4,4
20182019,103,ROWAN,515,Rowan County,250,Rodburn Elementary School,103515250,210510000787,KEDC,903,218,188,406,3,1,4,9,8,17,3,1,4,0,0,0,0,0,0,3,4,7,236,202,438
20182019,103,ROWAN,515,Rowan County,210,Rowan County Middle School,103515210,210510001478,KEDC,903,364,362,726,7,5,12,10,12,22,2,4,6,0,1,1,0,0,0,5,11,16,388,395,783
20182019,103,ROWAN,515,Rowan County,180,Rowan County Senior High School,103515180,210510001260,KEDC,903,403,424,827,7,2,9,22,12,34,7,13,20,1,2,3,0,0,0,6,6,12,446,459,905
20182019,103,ROWAN,515,Rowan County,200,Tilden Hogge Elementary School,103515200,210510001261,KEDC,903,109,96,205,1,1,2,4,3,7,0,0,0,0,0,0,0,0,0,2,3,5,116,103,219
20182019,103,ROWAN,515,Rowan County,,---District Total---,,,KEDC,903,1543,1459,3002,24,13,37,56,48,104,19,18,37,1,3,4,0,0,0,22,33,55,1665,1574,3239
20182019,104,RUSSELL,521,Russell County,140,Jamestown Elementary School,104521140,210516001263,GRREC,902,201,188,389,1,0,1,20,18,38,2,2,4,0,0,0,0,0,0,5,6,11,229,214,443
20182019,104,RUSSELL,521,Russell County,240,Russell County High School,104521240,210516001265,GRREC,902,413,369,782,8,4,12,21,14,35,2,1,3,1,1,2,0,0,0,1,3,4,446,392,838
20182019,104,RUSSELL,521,Russell County,260,Russell County Middle School,104521260,210516001599,GRREC,902,284,285,569,5,2,7,38,33,71,4,3,7,0,0,0,0,1,1,7,6,13,338,330,668
20182019,104,RUSSELL,521,Russell County,230,Russell Springs Elementary School,104521230,210516001264,GRREC,902,267,269,536,0,6,6,59,42,101,2,0,2,1,0,1,1,5,6,2,4,6,332,326,658
20182019,104,RUSSELL,521,Russell County,250,Salem Elementary School,104521250,210516001266,GRREC,902,155,144,299,1,1,2,21,28,49,3,0,3,0,1,1,0,0,0,1,0,1,181,174,355
20182019,104,RUSSELL,521,Russell County,,---District Total---,,,GRREC,902,1320,1255,2575,15,13,28,159,135,294,13,6,19,2,2,4,1,6,7,16,19,35,1526,1436,2962
20182019,45,GREENUP,522,Russell Independent,50,Russell High School,45522050,210513001272,KEDC,903,322,298,620,2,1,3,4,0,4,5,5,10,0,0,0,0,0,0,7,5,12,340,309,649
20182019,45,GREENUP,522,Russell Independent,60,Russell Middle School,45522060,210513001273,KEDC,903,229,256,485,5,0,5,1,2,3,2,3,5,0,0,0,0,0,0,11,12,23,248,273,521
20182019,45,GREENUP,522,Russell Independent,11,Russell Primary School,45522011,210513001626,KEDC,903,267,209,476,4,2,6,2,4,6,1,4,5,2,0,2,1,0,1,10,5,15,287,224,511
20182019,45,GREENUP,522,Russell Independent,30,Russell-McDowell Intermediate School,45522030,210513001270,KEDC,903,256,212,468,3,2,5,7,1,8,2,6,8,1,2,3,0,0,0,7,8,15,276,231,507
20182019,45,GREENUP,522,Russell Independent,,---District Total---,,,KEDC,903,1074,975,2049,14,5,19,14,7,21,10,18,28,3,2,5,1,0,1,35,30,65,1151,1037,2188
20182019,71,LOGAN,523,Russellville Independent,25,R E Stevenson Elementary School,71523025,210519001274,GRREC,902,116,113,229,51,38,89,26,33,59,1,1,2,1,0,1,0,0,0,33,35,68,228,220,448
20182019,71,LOGAN,523,Russellville Independent,30,Russellville High School,71523030,210519001275,GRREC,902,144,132,276,56,57,113,43,20,63,4,4,8,0,0,0,0,0,0,26,29,55,273,242,515
20182019,71,LOGAN,523,Russellville Independent,,---District Total---,,,GRREC,902,260,245,505,107,95,202,69,53,122,5,5,10,1,0,1,0,0,0,59,64,123,501,462,963
20182019,100,PULASKI,524,Science Hill Independent,10,Science Hill Elementary School,100524010,210522001277,SESC,907,191,174,365,0,0,0,9,4,13,1,1,2,0,0,0,0,0,0,4,5,9,205,184,389
20182019,100,PULASKI,524,Science Hill Independent,,---District Total---,,,SESC,907,191,174,365,0,0,0,9,4,13,1,1,2,0,0,0,0,0,0,4,5,9,205,184,389
20182019,105,SCOTT,525,Scott County,12,Anne Mason Elementary School,105525012,210526001942,CKEC,901,214,205,419,33,30,63,32,28,60,3,4,7,0,0,0,2,0,2,21,27,48,305,294,599
20182019,105,SCOTT,525,Scott County,10,Eastern Elementary School,105525010,210526001278,CKEC,901,187,204,391,11,13,24,36,29,65,10,5,15,0,0,0,0,0,0,15,8,23,259,259,518
20182019,105,SCOTT,525,Scott County,15,Garth Elementary School,105525015,210526001279,CKEC,901,174,160,334,23,10,33,19,16,35,2,0,2,1,0,1,0,0,0,8,12,20,227,198,425
20182019,105,SCOTT,525,Scott County,18,Georgetown Middle School,105525018,210526001280,CKEC,901,159,162,321,42,21,63,16,29,45,0,2,2,2,1,3,0,1,1,14,22,36,233,238,471
20182019,105,SCOTT,525,Scott County,14,Lemons Mill Elementary School,105525014,210526002349,CKEC,901,290,270,560,20,19,39,45,40,85,1,3,4,1,1,2,1,3,4,18,12,30,376,348,724
20182019,105,SCOTT,525,Scott County,35,Northern Elementary School,105525035,210526001687,CKEC,901,196,201,397,6,0,6,7,7,14,0,0,0,0,0,0,0,2,2,7,6,13,216,216,432
20182019,105,SCOTT,525,Scott County,5,Phoenix Horizon Community,105525005,,CKEC,901,42,34,76,0,4,4,7,5,12,0,0,0,0,0,0,0,0,0,4,2,6,53,45,98
20182019,105,SCOTT,525,Scott County,13,Royal Spring Middle School,105525013,210526002017,CKEC,901,357,340,697,37,39,76,41,45,86,4,10,14,1,0,1,2,1,3,29,24,53,471,459,930
20182019,105,SCOTT,525,Scott County,40,Scott County High School,105525040,210526001283,CKEC,901,1017,1014,2031,79,96,175,101,118,219,10,14,24,0,0,0,1,2,3,37,36,73,1245,1280,2525
20182019,105,SCOTT,525,Scott County,60,Scott County Middle School,105525060,210526001285,CKEC,901,356,324,680,9,4,13,42,36,78,2,3,5,0,0,0,0,0,0,5,9,14,414,376,790
20182019,105,SCOTT,525,Scott County,70,Southern Elementary School,105525070,210526001286,CKEC,901,205,218,423,33,28,61,28,26,54,2,2,4,0,1,1,0,2,2,28,13,41,296,290,586
20182019,105,SCOTT,525,Scott County,50,Stamping Ground Elementary School,105525050,210526001284,CKEC,901,186,193,379,2,3,5,13,13,26,1,0,1,0,0,0,0,0,0,8,8,16,210,217,427
20182019,105,SCOTT,525,Scott County,80,Western Elementary School,105525080,210526000530,CKEC,901,230,237,467,6,8,14,59,46,105,3,6,9,0,0,0,2,0,2,7,6,13,307,303,610
20182019,105,SCOTT,525,Scott County,,---District Total---,,,CKEC,901,3613,3562,7175,301,275,576,446,438,884,38,49,87,5,3,8,8,11,19,201,185,386,4612,4523,9135
20182019,106,SHELBY,531,Shelby County,170,Ascension Academy,106531170,210532001690,OVEC,906,7,4,11,1,0,1,1,0,1,0,0,0,0,0,0,0,0,0,2,0,2,11,4,15
20182019,106,SHELBY,531,Shelby County,120,Clear Creek Elementary,106531120,210532001295,OVEC,906,208,171,379,25,22,47,55,66,121,3,5,8,0,1,1,0,0,0,15,18,33,306,283,589
20182019,106,SHELBY,531,Shelby County,65,Heritage Elementary,106531065,210532001688,OVEC,906,229,196,425,9,4,13,19,19,38,1,2,3,0,0,0,0,0,0,7,8,15,265,229,494
20182019,106,SHELBY,531,Shelby County,40,Martha Layne Collins High School,106531040,210532002253,OVEC,906,400,405,805,59,39,98,129,102,231,5,5,10,3,0,3,0,0,0,25,20,45,621,571,1192
20182019,54,HOPKINS,265,Hopkins County,,---District Total---,,,WKEC,908,2658,2494,5152,287,266,553,152,132,284,9,33,42,3,4,7,6,7,13,205,209,414,3320,3145,6465
20182019,55,JACKSON,271,Jackson County,29,Barnabus Home High School,55271029,210294002390,SESC,907,5,0,5,0,0,0,0,0,0,0,0,0,0,0,0,0,0,0,0,0,0,5,0,5
20182019,55,JACKSON,271,Jackson County,27,Barnabus Home Middle School,55271027,210294002375,SESC,907,6,0,6,0,0,0,0,0,0,0,0,0,0,0,0,0,0,0,0,0,0,6,0,6
20182019,55,JACKSON,271,Jackson County,31,Jackson Co Schools Learning Center,55271031,,SESC,907,10,6,16,0,0,0,0,0,0,0,0,0,0,0,0,0,0,0,0,0,0,10,6,16
20182019,55,JACKSON,271,Jackson County,20,Jackson County High School,55271020,210294000615,SESC,907,284,242,526,0,0,0,3,0,3,0,2,2,0,0,0,0,0,0,0,1,1,287,245,532
20182019,55,JACKSON,271,Jackson County,25,Jackson County Middle School,55271025,210294001674,SESC,907,228,209,437,0,0,0,5,3,8,0,1,1,0,0,0,0,0,0,0,1,1,233,214,447
20182019,55,JACKSON,271,Jackson County,180,McKee Elementary School,55271180,210294000617,SESC,907,150,137,287,2,0,2,2,3,5,0,0,0,0,0,0,0,0,0,2,2,4,156,142,298
20182019,55,JACKSON,271,Jackson County,280,Sand Gap Elementary School,55271280,210294000619,SESC,907,113,88,201,0,0,0,1,0,1,0,0,0,1,0,1,0,0,0,0,0,0,115,88,203
20182019,55,JACKSON,271,Jackson County,340,Tyner Elementary School,55271340,210294000620,SESC,907,215,195,410,0,2,2,3,4,7,0,0,0,0,0,0,0,0,0,1,1,2,219,202,421
20182019,55,JACKSON,271,Jackson County,,---District Total---,,,SESC,907,1011,877,1888,2,2,4,14,10,24,0,3,3,1,0,1,0,0,0,3,5,8,1031,897,1928
20182019,13,BREATHITT,272,Jackson Independent,11,Jackson City School,13272011,210291001719,KVEC,904,151,164,315,0,0,0,0,0,0,2,2,4,0,0,0,0,0,0,0,0,0,153,166,319
20182019,13,BREATHITT,272,Jackson Independent,,---District Total---,,,KVEC,904,151,164,315,0,0,0,0,0,0,2,2,4,0,0,0,0,0,0,0,0,0,153,166,319
20182019,56,JEFFERSON,275,Jefferson County,456,Ackerly,56275456,210299001859,,909,3,5,8,1,2,3,0,1,1,0,0,0,0,0,0,0,0,0,0,1,1,4,9,13
20182019,56,JEFFERSON,275,Jefferson County,920,Ahrens Educational Resource Center,56275920,210299001447,,909,12,7,19,10,5,15,2,1,3,1,0,1,0,0,0,0,0,0,2,0,2,27,13,40
20182019,56,JEFFERSON,275,Jefferson County,175,Alex R. Kennedy Elementary,56275175,210299002421,,909,62,37,99,49,40,89,14,15,29,5,6,11,0,0,0,0,0,0,13,10,23,143,108,251
20182019,56,JEFFERSON,275,Jefferson County,18,Atherton High,56275018,210299000632,,909,416,540,956,110,157,267,37,69,106,27,23,50,0,0,0,1,1,2,13,28,41,604,818,1422
20182019,56,JEFFERSON,275,Jefferson County,185,Atkinson Academy,56275185,210299000733,,909,70,63,133,91,88,179,4,4,8,0,1,1,0,0,0,0,0,0,18,16,34,183,172,355
20182019,56,JEFFERSON,275,Jefferson County,127,Auburndale Elementary,56275127,210299000707,,909,127,116,243,57,55,112,66,49,115,35,36,71,0,0,0,2,1,3,6,13,19,293,270,563
20182019,56,JEFFERSON,275,Jefferson County,44,Audubon Traditional Elementary,56275044,210299000643,,909,187,177,364,80,93,173,14,5,19,6,8,14,0,1,1,0,0,0,18,24,42,305,308,613
20182019,56,JEFFERSON,275,Jefferson County,105,Ballard High,56275105,210299000695,,909,486,559,1045,289,275,564,39,55,94,31,51,82,3,1,4,3,1,4,31,32,63,882,974,1856
20182019,56,JEFFERSON,275,Jefferson County,40,Barret Traditional Middle,56275040,210299000641,,909,207,197,404,66,75,141,14,29,43,10,20,30,0,0,0,1,0,1,7,11,18,305,332,637
20182019,56,JEFFERSON,275,Jefferson County,55,Bates Elementary,56275055,210299000650,,909,145,193,338,69,49,118,25,22,47,6,9,15,1,0,1,0,0,0,19,20,39,265,293,558
20182019,56,JEFFERSON,275,Jefferson County,220,Bellewood,56275220,210299002394,,909,17,9,26,9,3,12,2,0,2,0,0,0,0,0,0,0,0,0,3,1,4,31,13,44
20182019,56,JEFFERSON,275,Jefferson County,183,Binet School,56275183,210299000732,,909,14,9,23,27,8,35,1,1,2,0,0,0,0,0,0,0,0,0,2,0,2,44,18,62
20182019,56,JEFFERSON,275,Jefferson County,149,Blake Elementary,56275149,210299000719,,909,95,73,168,66,55,121,54,51,105,5,1,6,0,0,0,3,0,3,22,17,39,245,197,442
20182019,56,JEFFERSON,275,Jefferson County,225,Bloom Elementary,56275225,210299000737,,909,201,220,421,32,31,63,16,6,22,6,1,7,1,0,1,0,0,0,23,15,38,279,273,552
20182019,56,JEFFERSON,275,Jefferson County,91,Blue Lick Elementary,56275091,210299000683,,909,138,130,268,57,64,121,25,26,51,1,0,1,0,1,1,0,2,2,24,19,43,245,242,487
20182019,56,JEFFERSON,275,Jefferson County,94,Bowen Elementary,56275094,210299000685,,909,213,182,395,43,42,85,75,64,139,24,27,51,0,0,0,0,1,1,28,19,47,383,335,718
20182019,56,JEFFERSON,275,Jefferson County,28,Boys & Girls Haven,56275028,210299001475,,909,1,0,1,1,0,1,0,0,0,0,0,0,0,0,0,0,0,0,0,0,0,2,0,2
20182019,56,JEFFERSON,275,Jefferson County,260,Brandeis Elementary,56275260,210299000742,,909,78,56,134,99,117,216,13,13,26,56,64,120,2,1,3,0,0,0,10,9,19,258,260,518
20182019,56,JEFFERSON,275,Jefferson County,129,Breckinridge Metropolitan High,56275129,210299001965,,909,19,0,19,88,30,118,4,0,4,0,0,0,0,0,0,1,0,1,1,1,2,113,31,144
20182019,56,JEFFERSON,275,Jefferson County,38,Breckinridge-Franklin Elementary,56275038,210299001855,,909,72,59,131,140,126,266,17,9,26,2,2,4,0,2,2,1,0,1,19,14,33,251,212,463
20182019,56,JEFFERSON,275,Jefferson County,221,Brooklawn,56275221,210299002399,,909,58,25,83,19,7,26,0,4,4,0,0,0,0,0,0,0,0,0,4,3,7,81,39,120
20182019,56,JEFFERSON,275,Jefferson County,45,Butler Traditional High,56275045,210299000644,,909,341,349,690,392,391,783,44,41,85,24,19,43,0,0,0,0,1,1,22,25,47,823,826,1649
20182019,56,JEFFERSON,275,Jefferson County,243,Byck Elementary,56275243,210299000740,,909,12,3,15,172,185,357,5,3,8,1,1,2,0,0,0,0,0,0,7,2,9,197,194,391
20182019,56,JEFFERSON,275,Jefferson County,4,Camp Taylor Elementary,56275004,210299000623,,909,88,94,182,56,35,91,55,56,111,9,4,13,0,0,0,0,1,1,11,9,20,219,199,418
20182019,56,JEFFERSON,275,Jefferson County,5,Cane Run Elementary,56275005,210299000624,,909,24,10,34,138,143,281,8,8,16,0,0,0,0,0,0,0,0,0,8,12,20,178,173,351
20182019,56,JEFFERSON,275,Jefferson County,167,Carrithers Middle,56275167,210299000728,,909,157,134,291,139,128,267,28,33,61,8,3,11,1,0,1,0,0,0,18,19,37,351,317,668
20182019,56,JEFFERSON,275,Jefferson County,680,Carter Traditional Elementary,56275680,210299000784,,909,156,157,313,108,110,218,14,9,23,2,1,3,0,0,0,0,0,0,16,16,32,296,293,589
20182019,56,JEFFERSON,275,Jefferson County,179,Central High Magnet Career Academy,56275179,210299000730,,909,38,49,87,285,652,937,45,88,133,15,27,42,0,0,0,0,0,0,7,22,29,390,838,1228
20182019,56,JEFFERSON,275,Jefferson County,102,Chancey Elementary,56275102,210299001959,,909,104,80,184,115,112,227,67,37,104,9,16,25,0,0,0,1,1,2,24,32,56,320,278,598
20182019,56,JEFFERSON,275,Jefferson County,46,Chenoweth Elementary,56275046,210299000645,,909,147,144,291,75,62,137,7,11,18,9,6,15,0,0,0,0,0,0,16,18,34,254,241,495
20182019,56,JEFFERSON,275,Jefferson County,917,Churchill Park School,56275917,210299000789,,909,31,14,45,19,9,28,3,0,3,3,3,6,0,0,0,0,0,0,0,2,2,56,28,84
20182019,56,JEFFERSON,275,Jefferson County,323,Cochran Elementary,56275323,210299000751,,909,58,47,105,91,84,175,12,7,19,2,4,6,0,0,0,0,0,0,14,10,24,177,152,329
20182019,56,JEFFERSON,275,Jefferson County,83,Cochrane Elementary,56275083,210299000676,,909,80,74,154,36,48,84,71,63,134,11,15,26,0,0,0,3,0,3,10,17,27,211,217,428
20182019,56,JEFFERSON,275,Jefferson County,660,Coleridge-Taylor Montessori Elementary,56275660,210299000783,,909,53,39,92,171,156,327,5,6,11,2,1,3,0,0,0,0,1,1,10,15,25,241,218,459
20182019,56,JEFFERSON,275,Jefferson County,164,Conway Middle,56275164,210299000726,,909,215,173,388,168,172,340,21,26,47,3,0,3,0,0,0,0,0,0,20,19,39,427,390,817
20182019,56,JEFFERSON,275,Jefferson County,60,Coral Ridge Elementary,56275060,210299000654,,909,170,170,340,24,31,55,58,57,115,2,1,3,0,0,0,0,1,1,9,12,21,263,272,535
20182019,56,JEFFERSON,275,Jefferson County,119,Crosby Middle,56275119,210299000703,,909,308,264,572,171,139,310,46,34,80,31,39,70,1,0,1,1,0,1,20,29,49,578,505,1083
20182019,56,JEFFERSON,275,Jefferson County,92,Crums Lane Elementary,56275092,210299000684,,909,43,22,65,170,133,303,4,13,17,1,0,1,0,0,0,0,0,0,14,14,28,232,182,414
20182019,56,JEFFERSON,275,Jefferson County,82,Dixie Elementary,56275082,210299000675,,909,76,84,160,87,66,153,12,15,27,2,1,3,1,0,1,2,1,3,16,18,34,196,185,381
20182019,56,JEFFERSON,275,Jefferson County,100,Doss High,56275100,210299000691,,909,165,121,286,262,192,454,86,80,166,20,15,35,2,0,2,0,4,4,12,14,26,547,426,973
20182019,56,JEFFERSON,275,Jefferson County,156,Dunn Elementary,56275156,210299000722,,909,190,168,358,38,34,72,10,16,26,26,21,47,0,0,0,0,0,0,11,23,34,275,262,537
20182019,56,JEFFERSON,275,Jefferson County,7,Eastern High,56275007,210299000625,,909,681,564,1245,215,187,402,72,75,147,62,45,107,0,0,0,1,3,4,35,31,66,1066,905,1971
20182019,56,JEFFERSON,275,Jefferson County,131,Eisenhower Elementary,56275131,210299000710,,909,191,222,413,55,59,114,13,10,23,0,2,2,0,1,1,0,0,0,16,23,39,275,317,592
20182019,56,JEFFERSON,275,Jefferson County,240,Engelhard Elementary,56275240,210299000739,,909,20,20,40,128,124,252,16,11,27,3,5,8,0,0,0,0,0,0,11,13,24,178,173,351
20182019,56,JEFFERSON,275,Jefferson County,10,Fairdale Elementary,56275010,210299000626,,909,152,106,258,53,37,90,78,83,161,14,18,32,1,1,2,1,1,2,19,14,33,318,260,578
20182019,56,JEFFERSON,275,Jefferson County,57,Fairdale High,56275057,210299000651,,909,364,346,710,131,119,250,118,144,262,16,14,30,0,0,0,1,2,3,11,5,16,641,630,1271
20182019,56,JEFFERSON,275,Jefferson County,212,Farmer Elementary,56275212,210299002187,,909,208,211,419,48,41,89,54,55,109,22,24,46,1,0,1,0,0,0,29,24,53,362,355,717
20182019,56,JEFFERSON,275,Jefferson County,49,Farnsley Middle,56275049,210299001530,,909,306,235,541,203,157,360,37,35,72,26,19,45,0,0,0,0,0,0,33,33,66,605,479,1084
20182019,56,JEFFERSON,275,Jefferson County,11,Fern Creek Elementary,56275011,210299000627,,909,136,132,268,89,84,173,52,54,106,37,21,58,0,0,0,0,0,0,19,18,37,333,309,642
20182019,56,JEFFERSON,275,Jefferson County,12,Fern Creek High,56275012,210299000628,,909,361,300,661,345,280,625,136,109,245,63,40,103,0,0,0,2,2,4,25,29,54,932,760,1692
20182019,56,JEFFERSON,275,Jefferson County,250,Field Elementary,56275250,210299000741,,909,121,116,237,47,50,97,9,14,23,8,9,17,1,0,1,0,0,0,16,17,33,202,206,408
20182019,56,JEFFERSON,275,Jefferson County,270,Foster Traditional Academy,56275270,210299000745,,909,12,10,22,232,244,476,7,7,14,0,0,0,0,1,1,0,0,0,4,8,12,255,270,525
20182019,56,JEFFERSON,275,Jefferson County,290,Frayser Elementary,56275290,210299000747,,909,30,23,53,96,95,191,41,36,77,7,6,13,1,0,1,0,0,0,5,5,10,180,165,345
20182019,56,JEFFERSON,275,Jefferson County,620,Frederick Law Olmsted Academy North,56275620,210299000781,,909,174,0,174,266,0,266,99,0,99,42,0,42,0,0,0,1,0,1,26,0,26,608,0,608
20182019,56,JEFFERSON,275,Jefferson County,730,Frederick Law Olmsted Academy South,56275730,210299001425,,909,0,232,232,0,325,325,0,111,111,0,31,31,0,0,0,0,2,2,0,23,23,0,724,724
20182019,56,JEFFERSON,275,Jefferson County,50,Georgia Chaffee Teenage Parent Program,56275050,210299001612,,909,0,21,21,0,32,32,0,12,12,0,2,2,0,0,0,0,0,0,0,1,1,0,68,68
20182019,56,JEFFERSON,275,Jefferson County,58,Gilmore Lane Elementary,56275058,210299000652,,909,40,44,84,48,56,104,25,17,42,0,0,0,0,0,0,0,0,0,7,8,15,120,125,245
20182019,56,JEFFERSON,275,Jefferson County,61,Goldsmith Elementary,56275061,210299000655,,909,91,61,152,104,87,191,84,76,160,39,32,71,0,0,0,2,0,2,15,20,35,335,276,611
20182019,56,JEFFERSON,275,Jefferson County,13,Greathouse/Shryock Traditional,56275013,210299000629,,909,153,159,312,50,57,107,9,13,22,64,56,120,0,2,2,1,1,2,15,13,28,292,301,593
20182019,56,JEFFERSON,275,Jefferson County,14,Greenwood Elementary,56275014,210299000630,,909,126,116,242,85,71,156,19,16,35,3,0,3,0,0,0,0,1,1,25,24,49,258,228,486
20182019,56,JEFFERSON,275,Jefferson County,115,Gutermuth Elementary,56275115,210299000700,,909,52,46,98,98,66,164,34,31,65,17,20,37,0,1,1,1,1,2,7,15,22,209,180,389
20182019,56,JEFFERSON,275,Jefferson County,121,Hartstern Elementary,56275121,210299000704,,909,80,70,150,63,56,119,85,61,146,16,14,30,0,0,0,0,0,0,9,9,18,253,210,463
20182019,56,JEFFERSON,275,Jefferson County,48,Hawthorne Elementary,56275048,210299000647,,909,94,104,198,27,34,61,51,56,107,5,3,8,0,0,0,0,0,0,11,8,19,188,205,393
20182019,56,JEFFERSON,275,Jefferson County,300,Hazelwood Elementary,56275300,210299000748,,909,52,50,102,53,53,106,42,54,96,22,14,36,0,0,0,0,1,1,18,10,28,187,182,369
20182019,56,JEFFERSON,275,Jefferson County,465,Heuser Hearing & Language Academy,56275465,210299001941,,909,0,2,2,0,1,1,0,0,0,0,0,0,0,0,0,0,0,0,0,0,0,0,3,3
20182019,56,JEFFERSON,275,Jefferson County,320,Highland Middle,56275320,210299000750,,909,181,213,394,154,174,328,35,43,78,6,14,20,2,0,2,0,2,2,18,28,46,396,474,870
20182019,56,JEFFERSON,275,Jefferson County,95,Hite Elementary,56275095,210299000686,,909,159,142,301,31,33,64,15,15,30,13,22,35,0,0,0,0,0,0,24,20,44,242,232,474
20182019,56,JEFFERSON,275,Jefferson County,768,Home of the Innocents Discovery,56275768,210299001943,,909,11,9,20,3,3,6,1,0,1,1,1,2,0,0,0,0,0,0,0,0,0,16,13,29
20182019,56,JEFFERSON,275,Jefferson County,769,Home of the Innocents School,56275769,210299001946,,909,19,21,40,7,7,14,1,4,5,0,0,0,0,0,0,0,1,1,1,0,1,28,33,61
20182019,56,JEFFERSON,275,Jefferson County,76,Indian Trail Elementary,56275076,210299000669,,909,35,24,59,103,102,205,72,70,142,4,2,6,1,1,2,0,0,0,18,8,26,233,207,440
20182019,56,JEFFERSON,275,Jefferson County,335,Iroquois High,56275335,210299000753,,909,140,93,233,335,314,649,85,64,149,45,39,84,0,1,1,2,1,3,15,13,28,622,525,1147
20182019,56,JEFFERSON,275,Jefferson County,165,J. Graham Brown School,56275165,210299002027,,909,208,233,441,54,103,157,19,28,47,11,15,26,0,1,1,0,1,1,19,27,46,311,408,719
20182019,56,JEFFERSON,275,Jefferson County,325,Jacob Elementary,56275325,210299000752,,909,69,61,130,161,156,317,16,10,26,2,2,4,0,0,0,0,1,1,25,23,48,273,253,526
20182019,56,JEFFERSON,275,Jefferson County,951,Jefferson County High,56275951,210299001947,,909,246,266,512,105,98,203,23,20,43,3,4,7,2,2,4,0,0,0,6,12,18,385,402,787
20182019,56,JEFFERSON,275,Jefferson County,396,Jefferson County Traditional Middle,56275396,210299000760,,909,224,236,460,146,186,332,21,31,52,8,12,20,2,0,2,0,0,0,18,34,52,419,499,918
20182019,56,JEFFERSON,275,Jefferson County,166,Jeffersontown Elementary,56275166,210299000727,,909,186,178,364,64,49,113,71,77,148,17,17,34,0,0,0,1,1,2,24,22,46,363,344,707
20182019,56,JEFFERSON,275,Jefferson County,65,Jeffersontown High,56275065,210299000659,,909,234,168,402,189,148,337,79,46,125,22,9,31,1,0,1,1,1,2,22,11,33,548,383,931
20182019,56,JEFFERSON,275,Jefferson County,470,Johnson Traditional Middle,56275470,210299000769,,909,170,184,354,182,229,411,17,29,46,9,9,18,1,0,1,0,0,0,23,21,44,402,472,874
20182019,56,JEFFERSON,275,Jefferson County,106,Johnsontown Road Elementary,56275106,210299000696,,909,82,80,162,77,55,132,9,10,19,0,1,1,0,1,1,0,0,0,10,6,16,178,153,331
20182019,56,JEFFERSON,275,Jefferson County,162,Kammerer Middle,56275162,210299000724,,909,220,225,445,201,192,393,31,23,54,15,6,21,0,1,1,1,2,3,27,24,51,495,473,968
20182019,56,JEFFERSON,275,Jefferson County,720,Kennedy Montessori Elementary,56275720,210299000786,,909,27,28,55,231,230,461,22,27,49,1,4,5,0,0,0,0,1,1,8,12,20,289,302,591
20182019,56,JEFFERSON,275,Jefferson County,59,Kenwood Elementary,56275059,210299000653,,909,113,116,229,65,82,147,55,47,102,35,25,60,0,1,1,2,2,4,12,17,29,282,290,572
20182019,56,JEFFERSON,275,Jefferson County,79,Kerrick Elementary,56275079,210299000672,,909,124,90,214,67,92,159,5,15,20,2,4,6,0,2,2,0,0,0,18,10,28,216,213,429
20182019,56,JEFFERSON,275,Jefferson County,432,King Elementary,56275432,210299000762,,909,12,7,19,162,180,342,17,19,36,0,0,0,0,0,0,0,0,0,12,6,18,203,212,415
20182019,56,JEFFERSON,275,Jefferson County,134,Klondike Lane Elementary,56275134,210299000712,,909,59,72,131,51,57,108,67,59,126,14,18,32,0,0,0,0,0,0,10,13,23,201,219,420
20182019,56,JEFFERSON,275,Jefferson County,163,Knight Middle,56275163,210299000725,,909,108,95,203,58,70,128,41,36,77,2,7,9,0,0,0,0,0,0,10,14,24,219,222,441
20182019,56,JEFFERSON,275,Jefferson County,133,Lassiter Middle,56275133,210299000711,,909,246,210,456,130,115,245,113,114,227,26,13,39,0,2,2,2,1,3,22,21,43,539,476,1015
20182019,56,JEFFERSON,275,Jefferson County,145,Laukhuf Elementary,56275145,210299000716,,909,139,129,268,56,49,105,26,18,44,8,3,11,2,0,2,0,0,0,17,11,28,248,210,458
20182019,56,JEFFERSON,275,Jefferson County,126,Layne Elementary,56275126,210299000706,,909,120,102,222,40,28,68,18,21,39,2,0,2,0,0,0,0,1,1,17,15,32,197,167,364
20182019,56,JEFFERSON,275,Jefferson County,30,Liberty High,56275030,210299001634,,909,36,15,51,94,87,181,9,3,12,0,2,2,0,1,1,0,0,0,3,7,10,142,115,257
20182019,56,JEFFERSON,275,Jefferson County,520,Lincoln Elementary Performing Arts,56275520,210299000772,,909,99,178,277,59,120,179,27,39,66,1,7,8,0,0,0,0,0,0,11,27,38,197,371,568
20182019,56,JEFFERSON,275,Jefferson County,138,Louisville Day,56275138,210299000713,,909,5,0,5,12,0,12,0,0,0,0,0,0,0,0,0,0,0,0,2,0,2,19,0,19
20182019,56,JEFFERSON,275,Jefferson County,47,Louisville Male High,56275047,210299001705,,909,527,566,1093,285,367,652,37,44,81,19,35,54,0,0,0,1,1,2,18,30,48,887,1043,1930
20182019,56,JEFFERSON,275,Jefferson County,463,Louisville Metro Youth Center,56275463,210299001082,,909,5,2,7,20,0,20,5,0,5,1,0,1,0,0,0,0,0,0,2,0,2,33,2,35
20182019,56,JEFFERSON,275,Jefferson County,146,Lowe Elementary,56275146,210299000717,,909,159,137,296,32,19,51,20,16,36,60,78,138,2,1,3,1,1,2,22,19,41,296,271,567
20182019,56,JEFFERSON,275,Jefferson County,107,Luhr Elementary,56275107,210299000697,,909,101,80,181,70,63,133,59,44,103,18,16,34,0,0,0,0,0,0,13,11,24,261,214,475
20182019,56,JEFFERSON,275,Jefferson County,155,Marion C. Moore School,56275155,210299002026,,909,423,370,793,423,381,804,269,232,501,35,30,65,1,4,5,1,1,2,35,29,64,1187,1047,2234
20182019,56,JEFFERSON,275,Jefferson County,193,Mary Jo and William MacDonald Maryhurst,56275193,210299001492,,909,0,58,58,0,11,11,0,3,3,0,0,0,0,0,0,0,0,0,0,2,2,0,74,74
20182019,56,JEFFERSON,275,Jefferson County,458,Mary Ryan Academy,56275458,210299001860,,909,14,10,24,6,4,10,1,1,2,0,0,0,0,0,0,0,0,0,0,1,1,21,16,37
20182019,56,JEFFERSON,275,Jefferson County,480,Maupin Elementary,56275480,210299000770,,909,2,5,7,102,121,223,3,5,8,1,0,1,0,0,0,0,0,0,7,6,13,115,137,252
20182019,56,JEFFERSON,275,Jefferson County,440,Mcferran Preparatory Academy,56275440,210299000764,,909,24,24,48,263,280,543,36,47,83,1,3,4,0,0,0,0,0,0,10,18,28,334,372,706
20182019,56,JEFFERSON,275,Jefferson County,22,Medora Elementary,56275022,210299000633,,909,166,178,344,28,16,44,17,21,38,0,0,0,0,0,0,1,0,1,14,14,28,226,229,455
20182019,56,JEFFERSON,275,Jefferson County,340,Meyzeek Middle,56275340,210299000754,,909,287,148,435,191,159,350,18,10,28,117,95,212,0,0,0,0,0,0,38,22,60,651,434,1085
20182019,56,JEFFERSON,275,Jefferson County,24,Middletown Elementary,56275024,210299000634,,909,165,148,313,51,58,109,20,22,42,14,17,31,1,0,1,1,1,2,25,17,42,277,263,540
20182019,56,JEFFERSON,275,Jefferson County,147,Mill Creek Elementary,56275147,210299000718,,909,24,23,47,202,183,385,6,6,12,0,0,0,0,0,0,0,0,0,9,9,18,241,221,462
20182019,56,JEFFERSON,275,Jefferson County,202,Minor Daniels Academy,56275202,210299002412,,909,36,13,49,112,79,191,7,1,8,0,0,0,0,0,0,0,1,1,7,2,9,162,96,258
20182019,56,JEFFERSON,275,Jefferson County,99,Minors Lane Elementary,56275099,210299000690,,909,24,34,58,57,43,100,84,94,178,4,6,10,0,0,0,0,0,0,6,4,10,175,181,356
20182019,56,JEFFERSON,275,Jefferson County,41,Newburg Middle,56275041,210299000642,,909,157,112,269,270,241,511,83,69,152,42,31,73,2,2,4,0,0,0,22,32,54,576,487,1063
20182019,56,JEFFERSON,275,Jefferson County,186,Newcomer Academy,56275186,210299002180,,909,13,11,24,127,139,266,241,158,399,23,20,43,0,0,0,1,1,2,0,0,0,405,329,734
20182019,56,JEFFERSON,275,Jefferson County,435,Noe Middle,56275435,210299000763,,909,281,376,657,213,239,452,45,55,100,19,43,62,0,2,2,1,0,1,16,39,55,575,754,1329
20182019,56,JEFFERSON,275,Jefferson County,371,Norton Commons Elementary,56275371,,,909,136,119,255,40,31,71,13,16,29,25,14,39,1,0,1,1,2,3,19,14,33,235,196,431
20182019,56,JEFFERSON,275,Jefferson County,96,Norton Elementary,56275096,210299000687,,909,254,217,471,37,31,68,23,14,37,50,40,90,1,3,4,0,1,1,23,25,48,388,331,719
20182019,56,JEFFERSON,275,Jefferson County,27,Okolona Elementary,56275027,210299000635,,909,63,56,119,40,38,78,25,38,63,0,0,0,0,0,0,0,0,0,15,14,29,143,146,289
20182019,56,JEFFERSON,275,Jefferson County,784,Peace Academy,56275784,210299001613,,909,58,44,102,33,26,59,4,3,7,1,0,1,0,0,0,1,0,1,6,1,7,103,74,177
20182019,56,JEFFERSON,275,Jefferson County,75,Pleasure Ridge Park High,56275075,210299000668,,909,446,472,918,250,240,490,25,35,60,8,7,15,2,1,3,1,1,2,21,20,41,753,776,1529
20182019,56,JEFFERSON,275,Jefferson County,500,Portland Elementary,56275500,210299000771,,909,58,57,115,74,58,132,3,0,3,0,0,0,0,0,0,0,0,0,7,7,14,142,122,264
20182019,56,JEFFERSON,275,Jefferson County,128,Price Elementary,56275128,210299000708,,909,24,26,50,120,119,239,34,36,70,7,10,17,0,0,0,0,0,0,16,6,22,201,197,398
20182019,56,JEFFERSON,275,Jefferson County,219,Ramsey Middle,56275219,210299002190,,909,244,228,472,187,191,378,61,52,113,11,12,23,2,0,2,1,0,1,29,37,66,535,520,1055
20182019,56,JEFFERSON,275,Jefferson County,81,Rangeland Elementary,56275081,210299000674,,909,31,41,72,114,89,203,49,54,103,22,8,30,0,1,1,0,0,0,8,13,21,224,206,430
20182019,56,JEFFERSON,275,Jefferson County,85,Robert Frost Sixth-Grade Academy,56275085,210299000678,,909,97,85,182,84,84,168,14,15,29,1,2,3,1,0,1,0,2,2,14,13,27,211,201,412
20182019,56,JEFFERSON,275,Jefferson County,530,Roosevelt-Perry Elementary,56275530,210299000773,,909,16,11,27,97,102,199,2,6,8,1,0,1,1,0,1,0,0,0,5,6,11,122,125,247
20182019,56,JEFFERSON,275,Jefferson County,560,Rutherford Elementary,56275560,210299000775,,909,75,58,133,81,72,153,46,39,85,37,24,61,0,0,0,1,0,1,11,13,24,251,206,457
20182019,56,JEFFERSON,275,Jefferson County,86,Sanders Elementary,56275086,210299000679,,909,123,104,227,75,78,153,13,8,21,1,1,2,0,0,0,1,1,2,13,17,30,226,209,435
20182019,56,JEFFERSON,275,Jefferson County,63,Schaffner Traditional Elementary,56275063,210299001587,,909,139,149,288,104,120,224,19,19,38,6,4,10,0,0,0,1,0,1,11,15,26,280,307,587
20182019,56,JEFFERSON,275,Jefferson County,580,Semple Elementary,56275580,210299000776,,909,84,78,162,125,116,241,35,33,68,10,6,16,0,1,1,0,1,1,29,31,60,283,266,549
20182019,56,JEFFERSON,275,Jefferson County,73,Seneca High,56275073,210299000667,,909,173,213,386,228,226,454,109,101,210,32,18,50,4,1,5,1,0,1,14,14,28,561,573,1134
20182019,56,JEFFERSON,275,Jefferson County,97,Shacklette Elementary,56275097,210299000688,,909,60,50,110,51,60,111,53,34,87,10,5,15,1,0,1,0,0,0,5,13,18,180,162,342
20182019,56,JEFFERSON,275,Jefferson County,610,Shelby Traditional Academy,56275610,210299000780,,909,74,78,152,236,224,460,51,51,102,10,5,15,0,0,0,1,0,1,19,14,33,391,372,763
20182019,56,JEFFERSON,275,Jefferson County,103,Slaughter Elementary,56275103,210299000693,,909,22,21,43,61,67,128,113,85,198,3,5,8,0,0,0,0,0,0,6,7,13,205,185,390
20182019,56,JEFFERSON,275,Jefferson County,87,Smyrna Elementary School,56275087,210299000680,,909,107,99,206,81,77,158,26,31,57,8,4,12,0,0,0,0,0,0,17,16,33,239,227,466
20182019,56,JEFFERSON,275,Jefferson County,31,Southern High,56275031,210299000637,,909,314,194,508,226,154,380,153,118,271,26,12,38,1,0,1,1,2,3,14,16,30,735,496,1231
20182019,56,JEFFERSON,275,Jefferson County,29,St Joseph Children's Home,56275029,210299001633,,909,23,14,37,2,2,4,0,0,0,0,0,0,1,0,1,0,0,0,1,0,1,27,16,43
20182019,56,JEFFERSON,275,Jefferson County,64,St Matthews Elementary,56275064,210299000658,,909,168,158,326,80,50,130,10,14,24,15,12,27,0,1,1,0,0,0,20,17,37,293,252,545
20182019,56,JEFFERSON,275,Jefferson County,71,Stonestreet Elementary,56275071,210299000665,,909,159,118,277,24,18,42,45,37,82,1,4,5,0,0,0,4,3,7,12,10,22,245,190,435
20182019,56,JEFFERSON,275,Jefferson County,211,Stopher Elementary,56275211,210299002197,,909,270,256,526,30,35,65,14,15,29,47,47,94,2,1,3,1,0,1,20,20,40,384,374,758
20182019,56,JEFFERSON,275,Jefferson County,144,Stuart Academy,56275144,210299001427,,909,201,165,366,178,162,340,45,18,63,3,2,5,0,2,2,0,1,1,22,16,38,449,366,815
20182019,56,JEFFERSON,275,Jefferson County,590,The Academy @ Shawnee,56275590,210299000777,,909,127,84,211,171,127,298,12,6,18,6,3,9,1,1,2,0,0,0,11,5,16,328,226,554
20182019,56,JEFFERSON,275,Jefferson County,19,The Brook-Dupont,56275019,210299001629,,909,9,2,11,1,1,2,0,0,0,0,0,0,0,0,0,0,0,0,0,0,0,10,3,13
20182019,56,JEFFERSON,275,Jefferson County,20,The Brook-KMI,56275020,210299001474,,909,13,13,26,2,2,4,0,1,1,0,0,0,0,0,0,0,0,0,0,0,0,15,16,31
20182019,56,JEFFERSON,275,Jefferson County,201,The Phoenix School of Discovery,56275201,210299002121,,909,169,71,240,52,36,88,6,5,11,1,2,3,0,1,1,0,0,0,14,4,18,242,119,361
20182019,56,JEFFERSON,275,Jefferson County,90,Thomas Jefferson Middle,56275090,210299000682,,909,143,108,251,249,206,455,155,134,289,22,16,38,0,1,1,1,1,2,26,18,44,596,484,1080
20182019,56,JEFFERSON,275,Jefferson County,104,Trunnell Elementary,56275104,210299000694,,909,78,76,154,90,83,173,39,30,69,8,6,14,1,0,1,3,1,4,15,14,29,234,210,444
20182019,56,JEFFERSON,275,Jefferson County,16,Tully Elementary,56275016,210299000631,,909,240,223,463,49,46,95,20,22,42,20,15,35,0,0,0,0,0,0,25,26,51,354,332,686
20182019,56,JEFFERSON,275,Jefferson County,124,U of L PACT Program,56275124,210299001935,,909,5,2,7,2,1,3,0,0,0,0,0,0,0,0,0,0,0,0,0,0,0,7,3,10
20182019,56,JEFFERSON,275,Jefferson County,33,Valley High,56275033,210299000639,,909,256,291,547,155,166,321,19,23,42,3,1,4,0,1,1,0,2,2,9,23,32,442,507,949
20182019,56,JEFFERSON,275,Jefferson County,191,W.E.B. DuBois Academy,56275191,,,909,4,0,4,130,0,130,4,0,4,0,0,0,0,0,0,0,0,0,10,0,10,148,0,148
20182019,56,JEFFERSON,275,Jefferson County,51,Waggener High,56275051,210299000649,,909,117,140,257,238,223,461,71,61,132,10,8,18,0,0,0,0,0,0,12,12,24,448,444,892
20182019,56,JEFFERSON,275,Jefferson County,34,Waller-Williams Environmental,56275034,210299001529,,909,29,7,36,75,12,87,5,0,5,0,0,0,0,0,0,0,0,0,6,0,6,115,19,134
20182019,56,JEFFERSON,275,Jefferson County,69,Watson Lane Elementary,56275069,210299000663,,909,97,89,186,16,19,35,9,6,15,0,1,1,1,0,1,1,0,1,13,8,21,137,123,260
20182019,56,JEFFERSON,275,Jefferson County,72,Watterson Elementary,56275072,210299000666,,909,115,80,195,121,92,213,28,21,49,5,9,14,1,0,1,0,1,1,17,26,43,287,229,516
20182019,56,JEFFERSON,275,Jefferson County,116,Wellington Elementary,56275116,210299000701,,909,55,67,122,120,114,234,12,17,29,1,0,1,0,0,0,0,0,0,14,9,23,202,207,409
20182019,56,JEFFERSON,275,Jefferson County,110,Western Day Treatment,56275110,210299001857,,909,3,1,4,8,1,9,2,0,2,0,0,0,0,0,0,0,0,0,1,0,1,14,2,16
20182019,56,JEFFERSON,275,Jefferson County,84,Western High,56275084,210299000677,,909,83,68,151,257,198,455,17,11,28,1,0,1,1,0,1,1,1,2,6,7,13,366,285,651
20182019,56,JEFFERSON,275,Jefferson County,710,Western Middle School for the Arts,56275710,210299000785,,909,42,102,144,109,257,366,21,46,67,6,5,11,0,0,0,1,2,3,12,13,25,191,425,616
20182019,56,JEFFERSON,275,Jefferson County,77,Westport Middle,56275077,210299000670,,909,288,263,551,226,203,429,103,87,190,22,11,33,2,2,4,0,1,1,27,37,64,668,604,1272
20182019,56,JEFFERSON,275,Jefferson County,182,Wheatley Elementary,56275182,210299000731,,909,9,4,13,149,140,289,15,12,27,2,0,2,0,1,1,0,0,0,3,4,7,178,161,339
20182019,56,JEFFERSON,275,Jefferson County,109,Wheeler Elementary,56275109,210299000699,,909,224,185,409,73,60,133,22,19,41,12,16,28,0,1,1,1,0,1,18,21,39,350,302,652
20182019,56,JEFFERSON,275,Jefferson County,67,Wilder Elementary,56275067,210299000661,,909,133,140,273,75,60,135,29,20,49,20,16,36,0,0,0,0,0,0,12,20,32,269,256,525
20182019,56,JEFFERSON,275,Jefferson County,66,Wilkerson Elementary School,56275066,210299000660,,909,128,106,234,58,55,113,25,35,60,4,1,5,0,0,0,0,0,0,18,19,37,233,216,449
20182019,56,JEFFERSON,275,Jefferson County,117,Wilt Elementary,56275117,210299000702,,909,123,109,232,56,48,104,45,39,84,13,13,26,0,2,2,0,0,0,22,8,30,259,219,478
20182019,56,JEFFERSON,275,Jefferson County,374,Young Elementary,56275374,210299000757,,909,14,10,24,127,142,269,50,40,90,1,1,2,0,1,1,0,0,0,11,10,21,203,204,407
20182019,56,JEFFERSON,275,Jefferson County,78,Zachary Taylor Elementary,56275078,210299000671,,909,51,44,95,94,95,189,45,38,83,13,10,23,0,1,1,0,2,2,16,18,34,219,208,427
20182019,56,JEFFERSON,275,Jefferson County,200,duPont Manual High,56275200,210299000734,,909,453,671,1124,101,187,288,36,56,92,168,176,344,0,3,3,4,3,7,17,29,46,779,1125,1904
20182019,56,JEFFERSON,275,Jefferson County,,---District Total---,,,,909,20629,19582,40211,17308,16925,34233,5725,5404,11129,2135,1963,4098,57,60,117,72,79,151,2232,2295,4527,48158,46308,94466
20182019,67,LETCHER,276,Jenkins Independent,11,Jenkins Independent School,67276011,210300001642,KVEC,904,223,186,409,0,1,1,4,2,6,1,0,1,0,0,0,0,0,0,1,0,1,229,189,418
20182019,67,LETCHER,276,Jenkins Independent,,---District Total---,,,KVEC,904,223,186,409,0,1,1,4,2,6,1,0,1,0,0,0,0,0,0,1,0,1,229,189,418
20182019,57,JESSAMINE,281,Jessamine County,30,Ashgrove Academy,57281030,,CKEC,901,3,7,10,2,1,3,0,0,0,0,0,0,0,0,0,0,0,0,0,0,0,5,8,13
20182019,57,JESSAMINE,281,Jessamine County,70,Brookside Elementary School,57281070,210303001429,CKEC,901,193,215,408,21,21,42,27,33,60,1,3,4,0,1,1,0,0,0,19,14,33,261,287,548
20182019,57,JESSAMINE,281,Jessamine County,21,East Jessamine High School,57281021,210303001641,CKEC,901,468,379,847,37,33,70,29,26,55,2,6,8,0,1,1,1,1,2,17,20,37,554,466,1020
20182019,57,JESSAMINE,281,Jessamine County,25,East Jessamine Middle School,57281025,210303000797,CKEC,901,355,366,721,33,27,60,45,33,78,2,7,9,2,0,2,0,1,1,24,30,54,461,464,925
20182019,57,JESSAMINE,281,Jessamine County,18,Hattie C. Warner Elementary School,57281018,210303000795,CKEC,901,216,209,425,23,16,39,17,21,38,2,1,3,0,3,3,1,1,2,11,16,27,270,267,537
20182019,57,JESSAMINE,281,Jessamine County,22,Jessamine Early Learning Village,57281022,210303001899,CKEC,901,251,238,489,19,18,37,27,18,45,5,8,13,0,1,1,0,0,0,15,19,34,317,302,619
20182019,57,JESSAMINE,281,Jessamine County,50,Nicholasville Elementary School,57281050,210303000798,CKEC,901,176,157,333,16,14,30,22,13,35,0,0,0,1,1,2,0,0,0,15,10,25,230,195,425
20182019,57,JESSAMINE,281,Jessamine County,40,Red Oak Elementary School,57281040,210303002388,CKEC,901,227,229,456,20,24,44,17,23,40,0,3,3,0,1,1,0,0,0,12,12,24,276,292,568
20182019,57,JESSAMINE,281,Jessamine County,60,Rosenwald Dunbar Elementary School,57281060,210303000092,CKEC,901,249,203,452,24,13,37,19,27,46,0,3,3,1,2,3,1,0,1,11,10,21,305,258,563
20182019,57,JESSAMINE,281,Jessamine County,23,The Providence School,57281023,210303001900,CKEC,901,72,48,120,3,5,8,2,5,7,0,0,0,0,0,0,0,0,0,3,4,7,80,62,142
20182019,57,JESSAMINE,281,Jessamine County,19,West Jessamine High School,57281019,210303001640,CKEC,901,507,519,1026,33,24,57,33,36,69,9,13,22,0,4,4,0,1,1,17,19,36,599,616,1215
20182019,57,JESSAMINE,281,Jessamine County,26,West Jessamine Middle School,57281026,210303001110,CKEC,901,412,390,802,24,37,61,26,42,68,6,6,12,2,2,4,1,0,1,20,16,36,491,493,984
20182019,57,JESSAMINE,281,Jessamine County,90,Wilmore Elementary School,57281090,210303000799,CKEC,901,240,211,451,14,15,29,13,7,20,7,9,16,0,0,0,0,0,0,9,7,16,283,249,532
20182019,57,JESSAMINE,281,Jessamine County,,---District Total---,,,CKEC,901,3369,3171,6540,269,248,517,277,284,561,34,59,93,6,16,22,4,4,8,173,177,350,4132,3959,8091
20182019,58,JOHNSON,285,Johnson County,75,Central Elementary School,58285075,210306000692,KEDC,903,182,174,356,1,3,4,4,2,6,0,0,0,0,0,0,0,1,1,0,3,3,187,183,370
20182019,58,JOHNSON,285,Johnson County,100,Flat Gap Elementary School,58285100,210306000801,KEDC,903,123,109,232,0,0,0,0,1,1,0,0,0,0,0,0,0,0,0,1,0,1,124,110,234
20182019,58,JOHNSON,285,Johnson County,340,Highland Elementary School,58285340,210306000806,KEDC,903,232,209,441,0,0,0,2,1,3,1,0,1,0,0,0,0,0,0,4,4,8,239,214,453
20182019,58,JOHNSON,285,Johnson County,115,Johnson Central High School,58285115,210306000802,KEDC,903,589,494,1083,1,1,2,6,2,8,4,2,6,0,0,0,0,0,0,1,4,5,601,503,1104
20182019,58,JOHNSON,285,Johnson County,50,Johnson County Alternative School,58285050,210306001615,KEDC,903,14,5,19,0,0,0,1,0,1,0,0,0,0,0,0,0,0,0,0,0,0,15,5,20
20182019,58,JOHNSON,285,Johnson County,60,Johnson County Middle School,58285060,210306000800,KEDC,903,278,250,528,0,0,0,2,4,6,3,1,4,0,0,0,0,0,0,3,4,7,286,259,545
20182019,58,JOHNSON,285,Johnson County,250,Porter Elementary School,58285250,210306000803,KEDC,903,182,180,362,1,0,1,1,0,1,2,0,2,0,0,0,0,0,0,1,1,2,187,181,368
20182019,58,JOHNSON,285,Johnson County,320,W R Castle Memorial Elementary School,58285320,210306000805,KEDC,903,178,189,367,0,2,2,1,2,3,0,0,0,0,0,0,0,0,0,1,1,2,180,194,374
20182019,58,JOHNSON,285,Johnson County,,---District Total---,,,KEDC,903,1778,1610,3388,3,6,9,17,12,29,10,3,13,0,0,0,0,1,1,11,17,28,1819,1649,3468
20182019,59,KENTON,291,Kenton County,5,Beechgrove Elementary School,59291005,210309000807,NKCES,905,295,260,555,16,16,32,20,21,41,2,2,4,0,0,0,0,0,0,20,20,40,353,319,672
20182019,59,KENTON,291,Kenton County,40,Dixie Heights High School,59291040,210309000811,NKCES,905,619,574,1193,15,26,41,62,48,110,15,27,42,2,4,6,2,0,2,24,40,64,739,719,1458
20182019,59,KENTON,291,Kenton County,60,Ft Wright Elementary School,59291060,210309000815,NKCES,905,167,176,343,18,16,34,19,23,42,4,2,6,0,0,0,0,2,2,20,23,43,228,242,470
20182019,59,KENTON,291,Kenton County,20,James A Caywood Elementary School,59291020,210309000809,NKCES,905,194,209,403,4,3,7,48,48,96,1,1,2,0,0,0,0,2,2,22,30,52,269,293,562
20182019,59,KENTON,291,Kenton County,903,Kenton CO Academies of Innovation & Tech,59291903,210309002092,NKCES,905,189,267,456,2,12,14,7,9,16,4,7,11,0,2,2,0,0,0,2,7,9,204,304,508
20182019,59,KENTON,291,Kenton County,50,Kenton Elementary School,59291050,210309000813,NKCES,905,295,242,537,4,7,11,9,9,18,3,0,3,0,0,0,0,0,0,9,15,24,320,273,593
20182019,59,KENTON,291,Kenton County,70,Piner Elementary School,59291070,210309000816,NKCES,905,149,149,298,0,0,0,4,3,7,0,1,1,0,0,0,1,0,1,2,3,5,156,156,312
20182019,59,KENTON,291,Kenton County,45,R C Hinsdale Elementary School,59291045,210309000812,NKCES,905,290,242,532,5,6,11,6,11,17,6,3,9,0,0,0,0,1,1,13,12,25,320,275,595
20182019,59,KENTON,291,Kenton County,6,River Ridge Elementary School,59291006,210309001512,NKCES,905,330,308,638,18,17,35,31,32,63,35,41,76,0,0,0,3,7,10,39,32,71,456,437,893
20182019,59,KENTON,291,Kenton County,80,Ryland Heights Elementary School,59291080,210309000817,NKCES,905,250,205,455,3,6,9,4,10,14,0,2,2,0,0,0,0,2,2,10,11,21,267,236,503
20182019,59,KENTON,291,Kenton County,120,Scott High School,59291120,210309000823,NKCES,905,453,406,859,16,11,27,20,17,37,3,5,8,0,0,0,2,0,2,23,20,43,517,459,976
20182019,59,KENTON,291,Kenton County,90,Simon Kenton High School,59291090,210309000818,NKCES,905,861,791,1652,12,14,26,26,21,47,5,5,10,0,1,1,1,0,1,19,36,55,924,868,1792
20182019,59,KENTON,291,Kenton County,475,Summit View Academy,59291475,210309002420,NKCES,905,663,600,1263,16,18,34,26,38,64,4,2,6,0,2,2,0,2,2,39,40,79,748,702,1450
20182019,59,KENTON,291,Kenton County,100,Taylor Mill Elementary School,59291100,210309000819,NKCES,905,262,218,480,13,4,17,10,20,30,5,2,7,1,1,2,0,0,0,18,19,37,309,264,573
20182019,59,KENTON,291,Kenton County,103,Turkey Foot Middle School,59291103,210309000820,NKCES,905,397,457,854,14,28,42,53,52,105,12,9,21,1,0,1,1,2,3,28,34,62,506,582,1088
20182019,59,KENTON,291,Kenton County,105,Twenhofel Middle School,59291105,210309000821,NKCES,905,397,390,787,5,5,10,13,10,23,2,2,4,0,1,1,0,0,0,10,12,22,427,420,847
20182019,59,KENTON,291,Kenton County,495,White's Tower Elementary School,59291495,210309000824,NKCES,905,273,278,551,7,7,14,4,3,7,0,1,1,0,1,1,0,0,0,10,11,21,294,301,595
20182019,59,KENTON,291,Kenton County,108,Woodland Middle School,59291108,210309001588,NKCES,905,298,270,568,21,13,34,20,14,34,1,4,5,0,0,0,2,0,2,22,9,31,364,310,674
20182019,59,KENTON,291,Kenton County,,---District Total---,,,NKCES,905,6382,6042,12424,189,209,398,382,389,771,102,116,218,4,12,16,12,18,30,330,374,704,7401,7160,14561
20182019,60,KNOTT,295,Knott County,35,Beaver Creek Elementary School,60295035,210312000826,KVEC,904,111,116,227,0,0,0,1,0,1,0,0,0,0,0,0,0,0,0,0,0,0,112,116,228
20182019,60,KNOTT,295,Knott County,100,Carr Creek Elementary School,60295100,210312000830,KVEC,904,189,170,359,8,1,9,1,1,2,0,0,0,1,0,1,0,0,0,1,0,1,200,172,372
20182019,60,KNOTT,295,Knott County,150,Cordia School,60295150,210312002233,KVEC,904,82,68,150,5,0,5,6,0,6,0,0,0,0,0,0,0,0,0,1,0,1,94,68,162
20182019,60,KNOTT,295,Knott County,210,Emmalena Elementary School,60295210,210312000834,KVEC,904,92,93,185,0,0,0,1,1,2,0,0,0,0,0,0,0,0,0,0,0,0,93,94,187
20182019,60,KNOTT,295,Knott County,230,Hindman Elementary School,60295230,210312000835,KVEC,904,259,236,495,4,1,5,5,4,9,0,0,0,0,0,0,0,0,0,1,1,2,269,242,511
20182019,60,KNOTT,295,Knott County,255,Jones Fork Elementary School,60295255,210312000836,KVEC,904,80,62,142,2,1,3,2,1,3,0,0,0,0,0,0,0,0,0,0,0,0,84,64,148
20182019,60,KNOTT,295,Knott County,265,Knott County Central High School,60295265,210312000837,KVEC,904,288,260,548,4,5,9,2,4,6,0,0,0,0,0,0,0,0,0,0,0,0,294,269,563
20182019,60,KNOTT,295,Knott County,,---District Total---,,,KVEC,904,1101,1005,2106,23,8,31,18,11,29,0,0,0,1,0,1,0,0,0,3,1,4,1146,1025,2171
20182019,61,KNOX,301,Knox County,71,Central Elementary School,61301071,210315002235,SESC,907,217,196,413,5,5,10,4,4,8,0,0,0,0,0,0,0,0,0,4,3,7,230,208,438
20182019,61,KNOX,301,Knox County,170,Dewitt Elementary School,61301170,210315000842,SESC,907,75,65,140,5,1,6,0,2,2,0,0,0,0,0,0,0,0,0,0,0,0,80,68,148
20182019,61,KNOX,301,Knox County,240,Flat Lick Elementary School,61301240,210315000843,SESC,907,98,102,200,0,1,1,2,1,3,0,1,1,0,0,0,0,0,0,1,1,2,101,106,207
20182019,61,KNOX,301,Knox County,320,G R Hampton Elementary School,61301320,210315000846,SESC,907,131,108,239,0,0,0,1,1,2,1,1,2,0,0,0,0,0,0,2,1,3,135,111,246
20182019,61,KNOX,301,Knox County,260,Girdler Elementary School,61301260,210315000844,SESC,907,171,168,339,1,1,2,0,2,2,0,0,0,0,0,0,0,0,0,0,3,3,172,174,346
20182019,61,KNOX,301,Knox County,430,Jesse D Lay Elementary School,61301430,210315000848,SESC,907,151,156,307,2,1,3,3,0,3,0,0,0,0,0,0,0,0,0,0,0,0,156,157,313
20182019,61,KNOX,301,Knox County,22,Knox Appalachian School,61301022,210315001997,SESC,907,34,6,40,4,3,7,2,1,3,0,0,0,0,0,0,0,0,0,0,1,1,40,11,51
20182019,61,KNOX,301,Knox County,410,Knox Central High School,61301410,210315000847,SESC,907,397,337,734,15,6,21,3,2,5,3,0,3,0,0,0,0,0,0,4,4,8,422,349,771
20182019,61,KNOX,301,Knox County,140,Knox County Day Treatment,61301140,210315002357,SESC,907,11,4,15,1,0,1,0,0,0,0,0,0,0,0,0,0,0,0,0,0,0,12,4,16
20182019,61,KNOX,301,Knox County,150,Knox County Learning Academy,61301150,210315000709,SESC,907,44,29,73,0,0,0,0,0,0,0,0,0,0,0,0,0,0,0,0,1,1,44,30,74
20182019,61,KNOX,301,Knox County,23,Knox County Middle School,61301023,210315002029,SESC,907,185,224,409,1,4,5,1,3,4,0,2,2,0,1,1,0,0,0,1,5,6,188,239,427
20182019,61,KNOX,301,Knox County,155,Knox Inspire Academy,61301155,,SESC,907,12,16,28,0,1,1,1,0,1,0,0,0,0,0,0,0,0,0,0,0,0,13,17,30
20182019,61,KNOX,301,Knox County,450,Lynn Camp Schools,61301450,210315000850,SESC,907,566,500,1066,3,4,7,11,9,20,0,0,0,3,1,4,1,1,2,5,7,12,589,522,1111
20182019,61,KNOX,301,Knox County,,---District Total---,,,SESC,907,2092,1911,4003,37,27,64,28,25,53,4,4,8,3,2,5,1,1,2,17,26,43,2182,1996,4178
20182019,62,LARUE,305,LaRue County,15,Abraham Lincoln Elementary School,62305015,210318002044,GRREC,902,223,207,430,2,1,3,10,16,26,0,0,0,0,0,0,0,0,0,12,5,17,247,229,476
20182019,62,LARUE,305,LaRue County,30,Hodgenville Elementary School,62305030,210318000852,GRREC,902,225,237,462,4,6,10,21,20,41,0,1,1,0,0,0,0,0,0,9,9,18,259,273,532
20182019,62,LARUE,305,LaRue County,40,LaRue County High School,62305040,210318000853,GRREC,902,304,288,592,17,5,22,19,24,43,4,2,6,1,4,5,0,2,2,11,12,23,356,337,693
20182019,62,LARUE,305,LaRue County,45,LaRue County Middle School,62305045,210318000854,GRREC,902,271,246,517,2,5,7,14,26,40,1,0,1,0,1,1,0,0,0,12,12,24,300,290,590
20182019,62,LARUE,305,LaRue County,100,The Life Connection,62305100,210318002216,GRREC,902,31,0,31,7,0,7,1,0,1,0,0,0,0,0,0,0,0,0,0,0,0,39,0,39
20182019,62,LARUE,305,LaRue County,,---District Total---,,,GRREC,902,1054,978,2032,32,17,49,65,86,151,5,3,8,1,5,6,0,2,2,44,38,82,1201,1129,2330
20182019,63,LAUREL,311,Laurel County,30,Bush Elementary School,63311030,210321000857,SESC,907,251,221,472,1,0,1,2,0,2,3,4,7,0,0,0,1,0,1,1,2,3,259,227,486
20182019,63,LAUREL,311,Laurel County,55,Camp Ground Elementary School,63311055,210321000859,SESC,907,133,154,287,3,0,3,1,3,4,0,0,0,0,0,0,0,0,0,1,2,3,138,159,297
20182019,63,LAUREL,311,Laurel County,430,Cold Hill Elementary School,63311430,210321001483,SESC,907,125,114,239,0,0,0,0,3,3,1,2,3,0,0,0,0,0,0,1,2,3,127,121,248
20182019,63,LAUREL,311,Laurel County,70,Colony Elementary School,63311070,210321000860,SESC,907,164,169,333,2,1,3,1,0,1,0,2,2,0,0,0,0,0,0,1,5,6,168,177,345
20182019,63,LAUREL,311,Laurel County,130,Hazel Green Elementary School,63311130,210321000862,SESC,907,149,139,288,0,0,0,3,4,7,0,0,0,0,0,0,0,0,0,0,0,0,152,143,295
20182019,63,LAUREL,311,Laurel County,175,Hunter Hills Elementary School,63311175,210321000715,SESC,907,274,263,537,1,2,3,8,12,20,1,0,1,0,0,0,0,0,0,7,1,8,291,278,569
20182019,63,LAUREL,311,Laurel County,165,Johnson Elementary School,63311165,210321000863,SESC,907,162,120,282,1,0,1,3,2,5,1,1,2,0,0,0,0,0,0,2,1,3,169,124,293
20182019,63,LAUREL,311,Laurel County,180,Keavy Elementary School,63311180,210321000864,SESC,907,123,125,248,1,1,2,1,3,4,0,0,0,1,0,1,0,0,0,1,2,3,127,131,258
20182019,63,LAUREL,311,Laurel County,50,Laurel County Day Treatment,63311050,210321001677,SESC,907,37,14,51,2,0,2,1,1,2,1,0,1,0,1,1,0,0,0,0,0,0,41,16,57
20182019,63,LAUREL,311,Laurel County,19,Laurel County Virtual Academy,63311019,,SESC,907,9,26,35,0,1,1,0,0,0,0,0,0,0,0,0,0,0,0,0,1,1,9,28,37
20182019,63,LAUREL,311,Laurel County,10,London Elementary School,63311010,210321000856,SESC,907,263,220,483,0,3,3,13,15,28,3,1,4,0,0,0,0,0,0,7,5,12,286,244,530
20182019,63,LAUREL,311,Laurel County,16,McDaniel Learning Center,63311016,210321002224,SESC,907,19,6,25,0,0,0,0,0,0,0,0,0,0,0,0,0,0,0,0,0,0,19,6,25